stop_id,station_id,travel_time,weekday_trips,weekend_trips,latitude,longitude,station_name,line_numbers,route_ids,parent_stop
5934,37382,30,60,4,33.061678,35.247899,נהריה,27,323,
2666,37390,23,1094,120,32.801427,35.103659,קרית מוצקין,22,13369,
17734,37382,3,1723,123,33.007963,35.116583,נהריה,281 36 367 37 39 40 41 42 43 44 45 46 47 471 48 49 50 53 55 7 8,12300 356 289 291 4453 367 369 370 375 376 377 378 384 467 514 15249 12187 12122 4285 296 350 344 363 371 374 10882 12031 16133 12124 12130 12136 12142 12159 354,
17620,37382,0,371,24,33.005730,35.100410,נהריה,36 37 50 53 55 99,15249 12187 12122 10126 10882 12124 12130 12142,
38355,37382,0,44,5,33.005504,35.097344,נהריה,83 99,418 10127,17592
17536,37382,19,183,0,32.997577,35.088942,נהריה,14,12025,
3009,37390,13,1229,159,32.842077,35.089366,קרית מוצקין,12,3612,
17683,37382,9,873,48,33.023611,35.105784,נהריה,13 271 3,270 4446 12150 12023 266,
35558,37382,17,84,3,32.971052,35.237968,נהריה,55,12187 10882,
6401,37382,26,150,16,33.023914,35.286788,נהריה,39 41 471,344 12159 354,
17850,37382,8,84,7,33.006289,35.205227,נהריה,39 42,356 344,
6700,37384,24,257,15,32.962606,35.171484,עכו,35 61 62 95,4304 15380 6462 6509 509 510,
6737,37382,29,108,5,32.982800,35.250533,נהריה,43 53,363 12130,
17633,37382,6,522,34,33.003877,35.102365,נהריה,15 5 62 64 99,9448 9449 10126 12027 12028 12151,
18770,37382,21,276,20,33.079109,35.150294,נהריה,23 31 36,315 12120 12124,
17663,37382,12,471,31,33.014081,35.104468,נהריה,7 8,289 291 296,
20380,37384,1,718,40,32.924341,35.081715,עכו,3,14556 16338,
20259,37382,10,118,8,32.990441,35.131479,נהריה,47 48,384 4285,
17956,37384,28,845,69,32.921747,35.275585,עכו,176 261 263 361 363,4434 4435 4475 13283 13282 4413 4438 15404 4479,
6460,37382,15,48,3,33.037952,35.191547,נהריה,37,12122,
6046,37382,30,82,5,32.958864,35.168406,נהריה,47,384,
3302,37392,28,200,98,32.798225,35.136404,קרית חיים,210,4400 13279,
39047,37382,0,638,37,33.005504,35.097344,נהריה,13 3,12149 12022,17592
6501,37382,9,118,8,32.991571,35.137776,נהריה,47 48,384 4285,
18162,37382,29,132,9,33.007386,35.315489,נהריה,40 50,12300 350 12142,
19536,37384,5,773,51,32.934539,35.093356,עכו,2 251,4405 4189,
6045,37384,30,36,3,32.958778,35.168455,עכו,62 95,6462 6509,
6701,37384,22,127,8,32.961316,35.169828,עכו,35,15380 509 510,
17628,37382,8,801,48,33.026153,35.100618,נהריה,271 3,270 4446 12023 266,
6466,37382,30,150,16,33.012816,35.292233,נהריה,39 41 471,344 12159 354,
18230,37382,29,48,5,33.015329,35.345881,נהריה,50,15249 12142,
2582,37392,6,200,98,32.825844,35.075651,קרית חיים,210,4399 13277 13278,
17832,37382,28,72,5,33.015197,35.171175,נהריה,42,356,
20460,37384,8,773,51,32.934493,35.093448,עכו,2 251,4405 4189,
7201,37382,5,500,30,33.002223,35.106724,נהריה,15 5 99,10126 12027 12028 12151,
18753,37382,21,324,16,33.080926,35.154155,נהריה,22 23,312 313 315,
18836,37382,28,118,8,32.966590,35.148635,נהריה,47 48,384 4285,
2211,37392,2,2213,288,32.830234,35.057968,קרית חיים,13 26 א93,13229 13230 10991 11030 11315,
20824,37384,23,105,8,32.944251,35.183024,עכו,564 64,4311 14560 4314 15333,
3576,37390,24,1229,159,32.835594,35.101718,קרית מוצקין,12,3612,
6463,37382,19,356,26,33.070934,35.152058,נהריה,24 25 27 28 29 31,327 317 324 320 323 12116 12120,
3579,37390,18,1229,159,32.840481,35.094595,קרית מוצקין,12,3612,
17857,37382,17,72,5,33.006848,35.209073,נהריה,42,356,
6094,37382,2,511,32,33.006563,35.110197,נהריה,15 5 62 99,9448 10126 12027 12028 12151,
2907,37390,12,1253,159,32.846288,35.061798,קרית מוצקין,12,3614,
17783,37382,20,96,8,33.071422,35.149316,נהריה,36,12124,
2481,37390,5,1410,153,32.846940,35.065016,קרית מוצקין,23,11326,
6694,37382,16,84,3,32.975027,35.236903,נהריה,55,12187 10882,
7292,37382,9,118,8,32.990581,35.135130,נהריה,47 48,384 4285,
2476,37392,11,1450,254,32.823742,35.079421,קרית חיים,13 210,4399 13227 13228 13277 13278 11314,
19713,37382,9,356,21,32.994450,35.097034,נהריה,4,12024,
19765,37384,6,1504,111,32.922011,35.091175,עכו,176 261 263 3 361,4434 4435 4475 13283 13282 4413 4438 14555 15404 16337,
17579,37384,21,710,58,33.001347,35.095013,עכו,271 471,4443 4444 12159,
17875,37382,11,84,7,33.008439,35.224708,נהריה,39 42,356 344,
3600,37392,4,200,98,32.814504,35.062181,קרית חיים,210,4400 13279,
17784,37382,24,120,10,33.071627,35.149662,נהריה,29 296 31,4455 12116 12120,
17655,37382,3,121,10,33.026669,35.103809,נהריה,29 296 31,4454 4455 12116 12120,
19703,37384,5,1599,109,32.935687,35.076798,עכו,2 271 471,4187 4443 4444 4446 12159,
35674,37390,1,1410,153,32.838279,35.066778,קרית מוצקין,23,11326,
20556,37384,25,105,7,32.954757,35.215369,עכו,464 64,4311 14558,
2209,37392,0,2213,288,32.827911,35.060759,קרית חיים,13 26 א93,13229 13230 10991 11030 11315,
18769,37382,23,192,16,33.078657,35.151485,נהריה,31 36,12120 12124,
38615,37382,16,83,6,32.965239,35.121172,נהריה,30,12118,
2302,37390,12,1229,159,32.838992,35.090455,קרית מוצקין,12,3612,
20091,37384,20,845,69,32.914628,35.225268,עכו,176 261 263 361 363,4434 4435 4475 13283 13282 4413 4438 15404 4479,
6498,37382,25,84,5,33.016615,35.289030,נהריה,40 44 45,12300 369 370 375 378,
2478,37384,15,1147,155,32.850522,35.093666,עכו,261 271 361 471,4411 4440 12158 13281 4474,
2284,37390,18,1095,141,32.843928,35.088503,קרית מוצקין,22 א22,13367 13368,
18828,37384,26,286,20,32.900777,35.170671,עכו,343 66 68 95,4464 6467 6464 6468 6509 6510 11043,
19568,37384,9,820,118,32.881051,35.096817,עכו,261 271 471,4411 4440 12158 13281,
6740,37384,2,867,55,32.924810,35.076818,עכו,2 343,4187 4470 11044,
18754,37382,11,108,8,33.044011,35.111067,נהריה,22 31,313 12120,
20196,37384,15,773,51,32.921913,35.092496,עכו,2 251,4405 4189,
6478,37382,6,702,54,33.019961,35.181144,נהריה,367 40 41 43 45 46 471 49 50 53,12300 375 376 377 378 467 514 15249 350 363 374 16133 12130 12136 12142 12159 354,
7200,37382,10,471,31,33.010263,35.106527,נהריה,7 8,289 291 296,
17836,37382,28,84,4,33.087490,35.173167,נהריה,23,315,
2298,37390,8,1229,159,32.829649,35.084644,קרית מוצקין,12,3612,
2744,37390,16,1095,141,32.839637,35.085729,קרית מוצקין,22 א22,13367 13368,
17618,37382,22,711,43,33.009033,35.100373,נהריה,22 7 8,289 291 296 312 313,
6998,37384,7,816,106,32.900782,35.091472,עכו,261 271,4411 4440 13281,
17872,37382,18,117,8,33.060652,35.220288,נהריה,25 28 29 296,327 4454 4455 320 12116,
18763,37382,27,264,16,33.075409,35.155098,נהריה,22,13217 312 313,
17694,37382,10,471,31,33.008809,35.106368,נהריה,7 8,289 291 296,
17712,37382,3,522,34,33.003824,35.109224,נהריה,15 5 62 64 99,9448 9449 10126 12027 12028 12151,
17664,37382,5,717,47,33.032962,35.104278,נהריה,22 23 24 25 27 28 29 296 31,327 4454 4455 13217 317 324 312 313 315 320 323 12116 12120,
17567,37384,10,876,63,32.979144,35.093858,עכו,271 273 471,4443 4444 4446 4451 12159,
3593,37392,0,2554,400,32.824998,35.063013,קרית חיים,13 210 26 80 93 א80 א93,4399 13227 13228 13277 13278 10990 11031 11314 3935 3936 4061,
2740,37390,15,1095,141,32.838370,35.083342,קרית מוצקין,22 א22,13367 13368,
6703,37384,20,221,12,32.957952,35.166596,עכו,35 61,4304 15380 509 510,
36417,37382,0,3988,240,33.005504,35.097344,נהריה,14 15 18 22 270 271 273 281 296 3 367 39 4 40 41 43 45 5 53 7 8 909,12300 270 289 291 4439 4443 4444 4446 4451 4453 4455 375 376 377 378 467 12025 296 312 350 344 363 374 12027 7188 12023 12024 12028 12130 12151 12152 354,17592
17621,37382,14,356,21,33.001181,35.100528,נהריה,4,12024,
3159,37390,23,1095,141,32.854742,35.091005,קרית מוצקין,22 א22,13367 13368,
2989,37390,0,1410,153,32.836391,35.066848,קרית מוצקין,23,11326,
17658,37382,0,216,10,33.005208,35.103922,נהריה,37 53 55,12187 12122 10882 12130,
2581,37390,1,2402,306,32.837386,35.074327,קרית מוצקין,12 22 א22 א92,13367 13368 4052 3614,
7253,37382,13,84,7,33.009601,35.230714,נהריה,39 42,356 344,
3726,37392,8,2513,393,32.819001,35.074702,קרית חיים,13 210 26 א80 א93,4399 13227 13228 13277 13278 10990 11031 11314 3936,
17648,37382,10,539,21,32.999940,35.103218,נהריה,14 4,12025 12024,
17855,37382,19,84,7,33.006425,35.209069,נהריה,39 42,356 344,
17760,37382,12,408,23,33.070277,35.144879,נהריה,22 23 24,317 312 313 315,
6443,37382,26,176,10,33.076366,35.266428,נהריה,27 28 29,327 324 323 12116,
20194,37384,3,289,15,32.929478,35.089451,עכו,464 62 64 66 68 69,4311 6467 14561 6462 6464 6468 4314 14558,
2197,37392,3,2290,291,32.824952,35.071849,קרית חיים,13 26 א93,13227 13228 10990 11031 11314,
6523,37382,17,118,8,32.973383,35.154897,נהריה,47 48,384 4285,
3518,37392,30,200,98,32.805470,35.140762,קרית חיים,210,4400 13279,
19831,37384,2,4525,351,32.927193,35.079625,עכו,176 2 261 263 271 3 343 35 361 363 464 471 500 503 509 564 61 62 64 68,4187 4302 4411 4428 4430 4431 4440 4470 4478 4497 4498 4502 4517 511 512 12158 13295 13296 13297 13298 13281 15381 14556 4474 6462 6466 4309 11044 14557 15332 15334 14559 15403 16338 16381 16382,
2296,37392,16,1250,156,32.826034,35.082953,קרית חיים,13,13227 13228 11314,
7219,37382,18,96,8,33.086453,35.108944,נהריה,31,12120,
2269,37390,0,2402,306,32.834285,35.072113,קרית מוצקין,12 22 א22 א92,13367 13368 4052 3614,
17989,37384,29,833,69,32.922713,35.279268,עכו,261 263 361 363,4434 4435 4475 13283 13282 4413 4438 4479,
17808,37384,21,130,7,32.961092,35.156180,עכו,61 62 95,4304 6462 6509,
2279,37390,4,2402,306,32.836691,35.081161,קרית מוצקין,12 22 א22 א92,13367 13368 4052 3614,
18838,37382,23,109,9,33.077139,35.136694,נהריה,296 31,4454 4455 12120,
6447,37382,29,92,5,33.101808,35.290908,נהריה,28,327,
6026,37382,18,118,8,32.976383,35.160625,נהריה,47 48,384 4285,
20446,37384,23,127,10,32.962769,35.173141,עכו,35 95,15380 6509 509 510,
17986,37382,17,624,44,33.015771,35.278791,נהריה,281 367 39 40 41 43 44 45 46,12300 4453 367 369 370 375 376 377 378 467 514 350 344 363 371 374 354,
17547,37382,3,566,37,32.991142,35.090939,נהריה,3,12022,
17604,37382,6,801,48,33.023477,35.097119,נהריה,271 3,270 4446 12023 266,
5592,37384,27,127,8,32.975259,35.180130,עכו,35,15380 509 510,
3803,37384,25,1147,155,32.807594,35.063557,עכו,261 271 361 471,4411 4440 12158 13281 4474,
17839,37382,9,48,5,33.027538,35.181676,נהריה,49,16133 12136,
17686,37382,6,609,38,33.045015,35.105930,נהריה,22 23 24 25 27 28 296,327 4454 4455 13217 317 324 312 313 315 320 323,
3532,37384,16,1542,179,32.845733,35.091101,עכו,261 271 361 471 500 503,4411 4440 4498 12158 13295 13296 13281 4474 16381,
17693,37382,5,506,34,33.008996,35.106548,נהריה,64 7 8,289 291 9449 296 12031,
17752,37382,11,84,7,33.074085,35.142672,נהריה,24,317,
18054,37382,26,150,16,33.023078,35.288112,נהריה,39 41 471,344 12159 354,
38359,37384,4,719,42,32.927407,35.087844,עכו,3,14555 16337,
2182,37392,8,2213,288,32.832676,35.052982,קרית חיים,13 26 א93,13229 13230 10991 11030 11315,
18778,37382,13,820,117,32.948768,35.088719,נהריה,271 273 471,4440 12158 4450,
2504,37390,11,2663,312,32.851935,35.066606,קרית מוצקין,12 23,11326 3614,
17940,37382,14,84,4,33.011091,35.268401,נהריה,53,12130,
2320,37390,2,1410,153,32.840708,35.068140,קרית מוצקין,23,11326,
20854,37384,9,876,63,32.970663,35.092503,עכו,271 273 471,4443 4444 4446 4451 12159,
20231,37382,12,109,9,33.059505,35.105516,נהריה,296 31,4454 4455 12120,
2862,37390,14,1095,141,32.840433,35.083190,קרית מוצקין,22 א22,13367 13368,
38756,37384,10,72,5,32.948325,35.094415,עכו,60,12138,
2215,37390,2,1314,158,32.830208,35.063781,קרית מוצקין,23 97 98,11328 7547 4095,
17534,37382,5,816,105,32.996816,35.088177,נהריה,271 3,270 4440,
17703,37382,4,522,34,33.001848,35.108544,נהריה,15 5 62 64 99,9448 9449 10126 12027 12028 12151,
17691,37382,7,608,38,33.059280,35.105366,נהריה,22 23 24 25 27 28 29,327 13217 317 324 312 313 315 320 323 12116,
2329,37390,12,2663,312,32.851008,35.070528,קרית מוצקין,12 23,11326 3614,
6465,37382,26,234,21,33.018955,35.288175,נהריה,39 40 41 44 45 471,12300 369 370 375 378 344 12159 354,
6449,37382,27,92,5,33.098256,35.284168,נהריה,28,327,
2234,37392,17,200,98,32.812035,35.108855,קרית חיים,210,4400 13279,
3916,37392,13,1209,231,32.806625,35.074001,קרית חיים,210 26 80,4400 13279 11031 3935,
3305,37392,27,200,98,32.803038,35.132867,קרית חיים,210,4400 13279,
6739,37382,28,108,5,32.985495,35.252645,נהריה,43 53,363 12130,
6762,37384,3,142,12,32.926414,35.072827,עכו,343 95,4470 6511 6512 11044,
17631,37382,9,539,21,32.996930,35.102092,נהריה,14 4,12025 12024,
19724,37382,10,1107,135,32.978853,35.094063,נהריה,18 271 273 30 471 51 80,4440 12158 12118 9972 4450 12144 12153,
6485,37382,22,384,27,33.016800,35.287210,נהריה,367 40 43 44 45 46,367 376 377 467 514 350 363 371 374,
17612,37382,2,1048,55,33.008951,35.098983,נהריה,13 15 22 23 24 25 27 28 7,291 327 13217 317 324 12150 312 313 315 320 323 12031 12151,
36427,37382,0,75,0,33.005504,35.097344,נהריה,272,4448,17592
39741,37384,3,833,51,32.933103,35.091205,עכו,2 251 363,4405 4189 4479,
17920,37382,13,600,40,33.018550,35.263933,נהריה,367 40 41 43 44 45 46,12300 367 369 370 375 376 377 378 467 514 350 363 371 374 354,
19584,37382,29,36,3,32.970158,35.145108,נהריה,48,4285,
6080,37384,12,1492,93,32.920939,35.091932,עכו,2 251 3,4405 14555 4189 16337,
17724,37382,12,543,36,33.008688,35.110914,נהריה,42 7 8,356 289 291 296,
17654,37382,7,608,38,33.056550,35.103576,נהריה,22 23 24 25 27 28 29,327 13217 317 324 312 313 315 320 323 12116,
6520,37382,21,118,8,32.981339,35.160949,נהריה,47 48,384 4285,
17746,37382,13,25,2,33.075694,35.141856,נהריה,29 296,4454 4455 12116,
17431,37390,22,3758,453,32.859365,35.089974,קרית מוצקין,12 22 23 א22,13367 13368 11326 3614,
20228,37382,16,82,5,32.979932,35.151034,נהריה,47,384,
6502,37382,8,118,8,32.992679,35.140582,נהריה,47 48,384 4285,
20557,37384,23,130,7,32.962785,35.162281,עכו,61 62 95,4304 6462 6509,
6434,37382,20,60,4,33.062957,35.220160,נהריה,27,323,
2363,37384,20,1147,155,32.829962,35.080975,עכו,261 271 361 471,4411 4440 12158 13281 4474,
17636,37382,10,539,21,33.002608,35.102959,נהריה,14 4,12025 12024,
17573,37382,4,801,48,33.015656,35.094762,נהריה,271 3,270 4446 12023 266,
20848,37384,12,741,52,32.942029,35.079542,עכו,2 471,4187 12159,
17816,37382,19,118,8,32.976153,35.163419,נהריה,47 48,384 4285,
18761,37382,25,264,16,33.077004,35.153895,נהריה,22,13217 312 313,
20151,37384,17,105,7,32.947638,35.173782,עכו,464 64,4311 14558,
37630,37382,24,96,8,33.075871,35.143225,נהריה,36,12124,
17709,37382,0,366,29,33.008387,35.108937,נהריה,36 37 471 50 53 55,15249 12187 12122 10882 12124 12130 12142 12159,
17615,37382,12,539,21,32.998934,35.099318,נהריה,14 4,12025 12024,
2303,37390,11,1229,159,32.836164,35.088913,קרית מוצקין,12,3612,
17561,37382,2,801,48,33.008264,35.093073,נהריה,271 3,270 4446 12023 266,
17776,37382,27,336,20,33.070690,35.147118,נהריה,22 36,312 313 12124,
20766,37384,19,55,4,32.927241,35.156260,עכו,35 95,15380 6509 510,
20514,37384,21,105,8,32.942263,35.174821,עכו,564 64,4311 14560 4314 15333,
20119,37384,5,130,5,32.958044,35.171296,עכו,61 62,4304 6462,
2587,37392,30,1250,156,32.850844,35.097905,קרית חיים,13,13227 13228 11314,
17741,37382,10,584,34,33.077452,35.135717,נהריה,22 23 24 25 27 28 29,327 317 324 312 313 315 320 323 12116,
17730,37382,22,96,8,33.075699,35.115593,נהריה,31,12120,
6503,37382,7,118,8,32.997977,35.140745,נהריה,47 48,384 4285,
38760,37384,10,72,5,32.950431,35.096268,עכו,60,12138,
17638,37382,0,48,5,33.005341,35.102900,נהריה,50,15249 12142,
18767,37382,19,420,24,33.078687,35.152899,נהריה,22 23 31,312 313 315 12120,
20273,37382,7,83,6,32.981562,35.085196,נהריה,30,12118,
2374,37384,11,820,118,32.866236,35.095565,עכו,261 271 471,4411 4440 12158 13281,
17571,37384,21,864,63,32.998181,35.094296,עכו,271 471,4443 4444 4446 12159,
5836,37384,26,132,4,32.891790,35.234567,עכו,68,6468,
2186,37392,6,2213,288,32.835300,35.058498,קרית חיים,13 26 א93,13229 13230 10991 11030 11315,
17799,37382,17,118,8,32.972560,35.151769,נהריה,47 48,384 4285,
18148,37382,28,132,9,33.007714,35.311635,נהריה,40 50,12300 350 12142,
6713,37384,10,1577,114,32.915946,35.124138,עכו,176 261 263 343 35 361 363 464 564 61 62 64 66 68 95,4304 4311 4434 4435 4464 4475 15380 13283 14560 6467 13282 4413 4438 6462 6464 6468 6509 6510 4314 11043 14558 15333 509 510 15404 4479,
17891,37382,19,48,5,33.035888,35.243331,נהריה,49,16133 12136,
3602,37392,2,200,98,32.819887,35.055711,קרית חיים,210,4400 13279,
6708,37384,14,446,27,32.931027,35.160647,עכו,35 464 564 61 62 64 95,4304 4311 15380 14560 6462 6509 4314 14558 15333 509 510,
35632,37390,9,1268,150,32.818241,35.055650,קרית מוצקין,23,11328,
20219,37384,12,391,23,32.922388,35.159196,עכו,35 464 564 61 62 64,4304 4311 14560 6462 4314 14558 15333 509,
6714,37384,6,189,8,32.926101,35.092394,עכו,35 363 68,15380 6467 509 510 4479,
17690,37382,4,506,34,33.010431,35.106263,נהריה,64 7 8,289 291 9449 296 12031,
20098,37382,15,96,6,33.018793,35.263964,נהריה,281 53,4453 12130,
7227,37382,23,120,8,33.020204,35.148256,נהריה,37 42,356 12122,
17880,37382,15,72,5,33.008075,35.228959,נהריה,42,356,
3931,37392,12,1209,231,32.810123,35.070699,קרית חיים,210 26 80,4400 13279 11031 3935,
3596,37392,0,2413,386,32.824079,35.064399,קרית חיים,13 210 26 א93,13229 13230 4400 13279 10991 11030 11315,
2185,37392,7,2213,288,32.833563,35.057105,קרית חיים,13 26 א93,13229 13230 10991 11030 11315,
1440,37392,16,1209,231,32.802641,35.080671,קרית חיים,210 26 80,4400 13279 11031 3935,
17771,37382,12,202,11,32.989130,35.145755,נהריה,47 48 55,384 12187 4285 10882,
2906,37390,11,1253,159,32.844462,35.063856,קרית מוצקין,12,3614,
6448,37382,28,92,5,33.100148,35.287559,נהריה,28,327,
17927,37382,13,684,46,33.015929,35.265505,נהריה,281 367 39 40 41 43 44 45 46 53,4453 367 369 370 375 376 377 378 467 514 350 344 363 371 374 12130 354,
6423,37382,28,60,4,33.058585,35.237349,נהריה,27,323,
6025,37384,25,105,8,32.942153,35.182182,עכו,564 64,4311 14560 4314 15333,
19714,37384,11,870,57,32.987699,35.095174,עכו,271 273,4443 4444 4446 4451,
17794,37382,29,48,3,33.043011,35.150908,נהריה,37,12122,
17761,37382,30,72,5,33.016409,35.143791,נהריה,42,356,
17700,37382,13,801,48,33.019046,35.107515,נהריה,271 3,270 4446 12023 266,
35554,37382,19,84,3,32.967291,35.249448,נהריה,55,12187 10882,
35773,37390,19,2663,312,32.860931,35.082730,קרית מוצקין,12 23,11326 3614,
19529,37384,5,34,2,32.934451,35.082661,עכו,35,510,
20489,37382,13,832,117,32.952555,35.090837,נהריה,271 273 471 51,4440 12158 4450 12144,
17560,37382,1,1846,183,33.006397,35.092759,נהריה,18 271 272 273 3 4 471 5 8,270 4440 4447 12158 296 4450 12027 12024 12153,
17711,37382,12,801,48,33.022212,35.109123,נהריה,271 3,270 4446 12023 266,
17868,37382,19,72,4,33.060669,35.219416,נהריה,27,324 323,
18762,37382,24,264,16,33.078387,35.156335,נהריה,22,13217 312 313,
7088,37384,24,36,1,32.927604,35.174752,עכו,564,15333,
6760,37384,4,1595,98,32.928083,35.076960,עכו,2 3 343 95,4187 4470 14556 6511 6512 11044 16338,
17554,37382,2,973,123,33.003615,35.092131,נהריה,271 272 273 3 471,270 4440 4447 12158 4450,
17856,37382,10,84,7,33.006856,35.208938,נהריה,39 42,356 344,
3595,37392,1,2308,294,32.824282,35.068546,קרית חיים,13 26 93 א93,13227 13228 10990 11031 11314 4061,
17553,37382,2,885,60,33.002618,35.091910,נהריה,18 3 4 5 8,270 296 12027 12024 12153,
17861,37382,21,84,7,33.079458,35.212213,נהריה,24,317,
6469,37382,30,132,9,33.005427,35.315461,נהריה,40 50,12300 350 12142,
17578,37382,0,566,37,33.001152,35.095078,נהריה,3,12022,
19532,37384,8,735,46,32.934147,35.076091,עכו,2,4187,
17758,37382,15,118,8,32.999405,35.142507,נהריה,47 48,384 4285,
17670,37382,5,693,43,33.037184,35.105304,נהריה,22 23 24 25 27 28 29 296 31,327 4454 4455 317 324 312 313 315 320 323 12116 12120,
6706,37384,17,257,15,32.954224,35.161719,עכו,35 61 62 95,4304 15380 6462 6509 509 510,
39144,37384,5,864,63,32.942980,35.083196,עכו,271 471,4443 4444 4446 12159,
20737,37384,0,4338,292,32.927508,35.082754,עכו,176 2 251 261 263 271 273 3 343 35 361 363 464 471 500 503 564 61 62 64 66 68 69,4304 4311 4405 4434 4435 4443 4444 4446 4451 4464 4475 4502 15380 13283 13297 13298 14560 6467 13282 4413 4438 14555 14561 6462 6464 6468 4314 11043 4189 14558 15333 509 510 15404 4479 16337 12159 16382,
17569,37382,11,195,0,32.989178,35.093835,נהריה,14 3,270 12025,
18822,37384,14,1570,112,32.912910,35.155237,עכו,176 261 263 343 35 361 363 464 503 564 61 62 64 66 68 95,4304 4311 4434 4435 4464 4475 13283 14560 6467 13282 4413 4438 6462 6464 6468 6510 4314 11043 14558 15333 509 15404 4479 16382,
2359,37392,9,200,98,32.835838,35.084426,קרית חיים,210,4399 13277 13278,
7192,37382,27,176,10,33.080211,35.279890,נהריה,27 28 29,327 324 323 12116,
2181,37392,6,2236,285,32.820226,35.069308,קרית חיים,13 26,13227 13228 11031 11314,
18833,37384,16,881,71,32.912306,35.181284,עכו,261 263 361 363 503,4434 4435 4475 13283 13282 4413 4438 4479 16382,
6619,37382,3,1846,183,33.000558,35.091450,נהריה,18 271 272 273 3 4 471 5 8,270 4440 4447 12158 296 4450 12027 12024 12153,
6417,37382,28,84,7,33.085894,35.224092,נהריה,24,317,
6643,37382,18,84,7,33.005525,35.213388,נהריה,39 42,356 344,
6630,37382,30,84,7,33.090214,35.228960,נהריה,24,317,
20769,37384,15,55,4,32.931721,35.141201,עכו,35 95,15380 6509 510,
17876,37382,16,72,5,33.007308,35.226456,נהריה,42,356,
19846,37384,8,820,118,32.891202,35.094506,עכו,261 271 471,4411 4440 12158 13281,
2274,37390,3,2402,306,32.834612,35.078815,קרית מוצקין,12 22 א22 א92,13367 13368 4052 3614,
17787,37382,27,82,5,32.969664,35.150422,נהריה,47,384,
3433,37390,6,1253,159,32.839922,35.078047,קרית מוצקין,12,3614,
17845,37382,17,60,4,33.068843,35.191962,נהריה,27,323,
17535,37382,5,885,60,32.997342,35.088292,נהריה,18 3 4 5 8,270 296 12027 12024 12153,
6484,37382,23,384,27,33.014455,35.286642,נהריה,367 40 43 44 45 46,367 376 377 467 514 350 363 371 374,
35802,37390,18,2663,312,32.858613,35.079652,קרית מוצקין,12 23,11326 3614,
18832,37384,29,286,20,32.893727,35.181471,עכו,343 66 68 95,4464 6467 6464 6468 6509 6510 11043,
5825,37382,5,379,20,33.007972,35.106216,נהריה,64 7,289 291 9449 12031,
17705,37382,17,96,8,33.092707,35.107023,נהריה,31,12120,
17852,37382,9,84,7,33.006395,35.207488,נהריה,39 42,356 344,
38963,37382,7,108,8,33.037384,35.108360,נהריה,22 31,313 12120,
2323,37390,6,2663,312,32.842850,35.067160,קרית מוצקין,12 23,11326 3614,
2179,37390,9,1094,120,32.811661,35.071139,קרית מוצקין,22,13369,
2364,37384,18,1542,179,32.836190,35.084962,עכו,261 271 361 471 500 503,4411 4440 4498 12158 13295 13296 13281 4474 16381,
19523,37384,2,1147,155,32.922110,35.077217,עכו,261 271 361 471,4411 4440 12158 13281 4474,
2289,37390,0,2341,282,32.833350,35.073083,קרית מוצקין,12 22 א92,13369 3612 4055,
6506,37382,25,118,8,32.973222,35.154675,נהריה,47 48,384 4285,
6455,37382,27,189,11,33.077043,35.276031,נהריה,27 28 29 296,327 4454 4455 324 323 12116,
2192,37390,3,1314,158,32.827354,35.062753,קרית מוצקין,23 97 98,11328 7547 4095,
17530,37382,5,885,60,32.994047,35.087587,נהריה,18 3 4 5 8,270 296 12027 12024 12153,
19716,37382,0,228,16,33.005290,35.101893,נהריה,36 37 48 50,4282 12123 15248 4281 12121 12141,
6521,37382,21,118,8,32.979861,35.162914,נהריה,47 48,384 4285,
3513,37392,28,200,98,32.800725,35.138881,קרית חיים,210,4400 13279,
2267,37392,6,200,98,32.828696,35.074655,קרית חיים,210,4399 13277 13278,
3603,37392,1,200,98,32.822491,35.057961,קרית חיים,210,4400 13279,
18012,37382,18,618,48,33.017066,35.281756,נהריה,367 39 40 41 43 44 45 46 471,12300 367 369 370 375 376 377 378 467 514 350 344 363 371 374 12159 354,
18824,37384,16,1179,91,32.912062,35.166061,עכו,176 261 263 343 361 363 503 66 68 95,4434 4435 4464 4475 13283 6467 13282 4413 4438 6464 6468 6509 6510 11043 15404 4479 16382,
5947,37384,3,34,2,32.935716,35.086190,עכו,35,510,
17594,37382,1,1061,56,33.008844,35.096687,נהריה,13 15 22 23 24 25 27 28 296 7,291 327 4454 4455 13217 317 324 12150 312 313 315 320 323 12031 12151,
2910,37390,9,1253,159,32.843272,35.070481,קרית מוצקין,12,3614,
38916,37382,18,48,3,33.036822,35.194655,נהריה,37,12122,
17681,37382,9,471,31,33.006661,35.105976,נהריה,7 8,289 291 296,
17908,37382,12,588,38,33.023202,35.258723,נהריה,281 367 40 41 43 45 46 53,4453 375 376 377 378 467 514 350 363 374 12130 354,
18136,37382,29,228,18,33.010359,35.308925,נהריה,281 367 40 50,12300 4453 467 15249 350 12142,
18036,37382,24,234,21,33.021123,35.284611,נהריה,39 40 41 44 45 471,12300 369 370 375 378 344 12159 354,
17785,37382,16,516,32,33.072769,35.149538,נהריה,22 23 31 36,312 313 315 12120 12124,
18103,37384,29,1175,94,32.924555,35.300255,עכו,176 261 263 361 500 503,4434 4435 4475 4502 13283 13297 13298 13282 4413 4438 15404 16382,
17555,37382,20,183,0,33.003655,35.092030,נהריה,14,12025,
35473,37384,4,130,5,32.957975,35.174274,עכו,61 62,4304 6462,
17708,37382,11,873,48,33.025380,35.108651,נהריה,13 271 3,270 4446 12150 12023 266,
20554,37384,24,105,7,32.954955,35.211092,עכו,464 64,4311 14558,
20623,37382,17,183,0,32.994919,35.087653,נהריה,14,12025,
17963,37382,24,108,5,32.997271,35.274994,נהריה,43 53,363 12130,
6712,37384,14,55,4,32.929331,35.137237,עכו,35 95,15380 6509 510,
34210,37384,16,36,3,32.957159,35.159831,עכו,62 95,6462 6509,
20243,37384,11,773,51,32.925477,35.094690,עכו,2 251,4405 4189,
17723,37382,9,704,46,33.067102,35.111029,נהריה,22 23 24 25 27 28 29 31,327 13217 317 324 312 313 315 320 323 12116 12120,
6605,37382,12,96,8,33.070313,35.151676,נהריה,36,12124,
17610,37382,0,2013,130,33.006062,35.098376,נהריה,14 29 30 31 367 37 39 40 41 42 43 44 45 46 47 471 49 5 51 53 55 7 8 99,356 289 367 369 370 375 376 377 378 384 467 514 12025 12118 12187 12122 296 10126 350 344 363 371 374 12027 10882 12116 12120 12028 16133 12130 12136 12144 12159 354,
17596,37382,7,154,5,33.027105,35.096973,נהריה,271,4446,
17529,37382,6,1689,165,32.990344,35.087364,נהריה,18 271 3 4 5 8,270 4440 296 12027 12024 12153,
17642,37382,11,108,9,33.052358,35.102948,נהריה,29 31,12116 12120,
3115,37390,6,1095,141,32.838955,35.081754,קרית מוצקין,22 א22,13367 13368,
17564,37382,2,801,48,33.009297,35.093318,נהריה,271 3,270 4446 12023 266,
5829,37382,23,84,5,33.021511,35.285319,נהריה,40 44 45,12300 369 370 375 378,
17805,37382,29,72,5,33.015581,35.156376,נהריה,42,356,
18781,37382,11,832,117,32.962556,35.094012,נהריה,271 273 471 51,4440 12158 4450 12144,
18046,37382,23,234,21,33.018913,35.284627,נהריה,39 40 41 44 45 471,12300 369 370 375 378 344 12159 354,
2162,37390,22,46,8,32.805420,35.001426,קרית מוצקין,97 98,7547 4095,
20406,37384,22,36,1,32.927161,35.182778,עכו,564,15333,
17574,37384,10,876,63,32.982048,35.094421,עכו,271 273 471,4443 4444 4446 4451 12159,
4169,37384,6,860,33,32.922995,35.071778,עכו,3 343 95,4470 14556 6511 6512,
35772,37390,20,2663,312,32.860415,35.087179,קרית מוצקין,12 23,11326 3614,
2360,37384,17,1147,155,32.842679,35.089139,עכו,261 271 361 471,4411 4440 12158 13281 4474,
35580,37384,17,105,7,32.945454,35.169033,עכו,464 64,4311 14558,
6507,37384,22,130,7,32.962388,35.157002,עכו,61 62 95,4304 6462 6509,
2466,37392,7,2236,285,32.817581,35.071307,קרית חיים,13 26,13227 13228 11031 11314,
20849,37382,15,808,117,32.942170,35.079831,נהריה,271 471,4440 12158,
20763,37384,14,94,6,32.925878,35.159935,עכו,61 95,4304 6509,
6761,37384,4,1585,95,32.928657,35.075189,עכו,2 3 343,4187 4470 14556 11044 16338,
5575,37382,0,5580,398,33.005512,35.097968,נהריה,13 14 15 18 22 23 24 25 27 271 272 273 28 281 29 296 3 30 31 36 367 37 39 4 40 41 42 43 44 45 46 47 48 49 5 51 55 7 8,12300 356 270 291 327 4440 4447 4453 4454 4455 367 369 370 375 376 377 378 384 467 514 12025 13217 12118 317 12187 324 12122 4285 12150 296 312 313 315 320 323 350 4450 344 363 371 374 12027 10882 12116 12120 12022 12023 12024 12031 16133 266 12124 12136 12144 12151 12153 354,
2501,37392,27,1250,156,32.849634,35.093082,קרית חיים,13,13227 13228 11314,
17864,37382,22,84,7,32.997652,35.216095,נהריה,39 42,356 344,
17701,37382,2,1585,108,33.008103,35.108384,נהריה,281 36 367 37 39 40 41 42 43 44 45 46 47 48 49 55 7 8,12300 356 289 291 4453 367 369 370 375 376 377 378 384 467 514 12187 12122 4285 296 350 344 363 371 374 10882 12031 16133 12124 12136 354,
19908,37382,3,777,46,33.014804,35.102887,נהריה,13 22 23 24 25 27 28 296 31,327 4454 4455 13217 317 324 12150 312 313 315 320 323 12120,
38147,37382,0,300,19,33.005504,35.097344,נהריה,22 23 24 27 40,314 345 321 313 316,17592
2287,37390,1,2341,282,32.829939,35.074652,קרית מוצקין,12 22 א92,13369 3612 4055,
20856,37384,6,820,118,32.904867,35.089645,עכו,261 271 471,4411 4440 12158 13281,
20520,37382,12,820,117,32.960299,35.093685,נהריה,271 471 51,4440 12158 12144,
6738,37382,29,108,5,32.982308,35.252400,נהריה,43 53,363 12130,
17849,37382,20,84,7,33.081819,35.201373,נהריה,24,317,
17867,37382,8,672,48,33.021372,35.205338,נהריה,367 40 41 43 44 45 46 49 50,12300 369 375 376 377 378 467 514 15249 350 363 371 374 16133 12136 12142 354,
17626,37382,1,109,9,33.010764,35.100875,נהריה,296 31,4454 4455 12120,
19522,37384,5,718,40,32.925688,35.072515,עכו,3,14556 16338,
17754,37382,14,528,33,33.072244,35.143020,נהריה,22 23 24 29 296 31,4455 317 312 313 315 12116 12120,
17526,37382,17,183,0,32.992573,35.087181,נהריה,14,12025,
18860,37384,26,845,69,32.918916,35.259836,עכו,176 261 263 361 363,4434 4435 4475 13283 13282 4413 4438 15404 4479,
2310,37392,28,1250,156,32.849858,35.094068,קרית חיים,13,13227 13228 11314,
7089,37384,18,36,1,32.927712,35.182842,עכו,564,15333,
6081,37384,3,132,9,32.927008,35.073085,עכו,343,4470 11044,
38758,37384,5,72,5,32.948645,35.085361,עכו,60,12138,
17778,37382,27,118,8,32.970211,35.147107,נהריה,47 48,384 4285,
17624,37382,8,539,21,32.995003,35.100716,נהריה,14 4,12025 12024,
6519,37382,23,118,8,32.978424,35.157705,נהריה,47 48,384 4285,
34158,37384,2,3471,234,32.933167,35.085191,עכו,176 2 251 261 263 3 343 35 361 363 464 500 503 564 61 62 64 66 68 69 95,4304 4311 4405 4434 4435 4464 4475 4502 15380 13283 13297 13298 14560 6467 13282 4413 4438 14555 14561 6462 6464 6468 6509 6510 4314 11043 4189 14558 15333 509 510 15404 4479 16337 16382,
17779,37382,8,48,3,33.018417,35.148307,נהריה,37,12122,
34159,37384,0,3120,207,32.928097,35.082678,עכו,176 2 261 263 3 343 35 361 500 503 509 564 60 61 64 95,4187 4302 4411 4428 4430 4431 4470 4497 4498 4517 511 512 13295 13296 13281 15381 14556 4474 6511 6512 4309 11044 15332 15334 14559 15403 12137 16338 16381,
6421,37382,16,60,4,33.067956,35.189919,נהריה,27,323,
17739,37382,12,717,47,33.075898,35.129918,נהריה,22 23 24 25 27 28 29 296 31,327 4454 4455 13217 317 324 312 313 315 320 323 12116 12120,
20466,37384,5,1114,66,32.923488,35.086017,עכו,176 261 263 3,4434 4435 13283 13282 4413 4438 14555 15404 16337,
3158,37390,15,2663,312,32.851820,35.077851,קרית מוצקין,12 23,11326 3614,
6577,37382,23,84,4,32.991716,35.269678,נהריה,53,12130,
17804,37382,4,882,69,33.015892,35.155003,נהריה,281 367 39 40 41 42 43 44 45 46 471 49 50 53,12300 356 4453 367 369 370 375 376 377 378 467 514 15249 350 344 363 371 374 16133 12130 12136 12142 12159 354,
20768,37384,16,55,4,32.932550,35.143509,עכו,35 95,15380 6509 510,
17669,37382,14,801,48,33.019926,35.104932,נהריה,271 3,270 4446 12023 266,
17456,37390,0,1410,153,32.833228,35.069555,קרית מוצקין,23,11326,
6741,37384,3,877,58,32.926329,35.076725,עכו,2 343 95,4187 4470 6511 6512 11044,
2586,37390,9,1229,159,32.831886,35.086183,קרית מוצקין,12,3612,
6479,37382,26,108,5,32.992042,35.270451,נהריה,43 53,363 12130,
6456,37382,23,189,11,33.062886,35.249035,נהריה,27 28 29 296,327 4454 4455 324 323 12116,
17689,37382,5,717,47,33.040628,35.106328,נהריה,22 23 24 25 27 28 29 296 31,327 4454 4455 13217 317 324 312 313 315 320 323 12116 12120,
20242,37384,12,773,51,32.924929,35.095922,עכו,2 251,4405 4189,
3070,37392,5,200,98,32.812751,35.065373,קרית חיים,210,4400 13279,
17644,37382,7,596,37,33.053765,35.102993,נהריה,22 23 24 25 27 28,327 13217 317 324 312 313 315 320 323,
6425,37382,27,60,4,33.055956,35.237158,נהריה,27,323,
1435,37392,21,1209,231,32.804670,35.098670,קרית חיים,210 26 80,4400 13279 11031 3935,
3304,37392,27,200,98,32.801012,35.133558,קרית חיים,210,4400 13279,
6578,37384,16,858,57,32.990148,35.087396,עכו,271,4443 4444 4446,
17646,37382,7,25,2,33.050246,35.103217,נהריה,29 296,4454 4455 12116,
6697,37382,15,84,3,32.974781,35.226460,נהריה,55,12187 10882,
2196,37392,2,2290,291,32.825432,35.069357,קרית חיים,13 26 א93,13227 13228 10990 11031 11314,
35475,37384,26,130,5,32.962376,35.176077,עכו,61 62,4304 6462,
6462,37382,7,144,11,33.041738,35.147789,נהריה,36 37,12122 12124,
20479,37382,27,96,7,33.015453,35.288731,נהריה,281 40 44 45,12300 4453 369 370 375 378,
3281,37392,10,54,6,32.820698,35.062467,קרית חיים,א93,10990,
38759,37384,6,72,5,32.947325,35.086304,עכו,60,12138,
38962,37382,21,96,8,33.085461,35.114013,נהריה,31,12120,
17796,37382,7,96,8,33.060441,35.150853,נהריה,36,12124,
6481,37382,24,108,5,32.996927,35.274683,נהריה,43 53,363 12130,
6508,37384,22,130,7,32.962467,35.160137,עכו,61 62 95,4304 6462 6509,
18091,37382,29,504,38,33.004596,35.294997,נהריה,281 367 40 44 45 46 50,12300 4453 367 369 370 375 376 377 378 467 514 15249 350 371 374 12142,
18771,37382,28,192,12,33.078860,35.150992,נהריה,22 23 31,313 315 12120,
3391,37392,18,200,98,32.845306,35.061227,קרית חיים,210,4399 13277 13278,
2236,37390,29,2362,270,32.812083,35.109638,קרית מוצקין,22 23,13369 11328,
20438,37384,7,1593,103,32.940307,35.078879,עכו,2 271,4187 4443 4444 4446,
38360,37384,5,719,42,32.925516,35.086097,עכו,3,14555 16337,
3577,37390,23,1229,159,32.833356,35.102081,קרית מוצקין,12,3612,
6705,37384,18,257,15,32.957492,35.161647,עכו,35 61 62 95,4304 15380 6462 6509 509 510,
17818,37384,19,130,7,32.959665,35.164851,עכו,61 62 95,4304 6462 6509,
17346,37390,7,54,6,32.842155,35.084216,קרית מוצקין,א92,4052,
20197,37384,14,773,51,32.921706,35.095319,עכו,2 251,4405 4189,
35653,37390,0,1410,153,32.835509,35.068654,קרית מוצקין,23,11326,
19569,37384,8,820,118,32.887571,35.095731,עכו,261 271 471,4411 4440 12158 13281,
2328,37390,13,2663,312,32.849716,35.073758,קרית מוצקין,12 23,11326 3614,
2331,37390,14,2663,312,32.850777,35.075424,קרית מוצקין,12 23,11326 3614,
17660,37382,4,596,37,33.026910,35.103862,נהריה,22 23 24 25 27 28,327 13217 317 324 312 313 315 320 323,
6426,37382,25,60,5,33.056672,35.235031,נהריה,25 27,320 323,
17801,37382,15,444,28,33.079169,35.153666,נהריה,22 23 36,13217 312 313 315 12124,
3575,37390,24,1229,159,32.836794,35.103542,קרית מוצקין,12,3612,
17990,37382,19,612,42,33.015226,35.280077,נהריה,367 39 40 41 43 44 45 46,12300 367 369 370 375 376 377 378 467 514 350 344 363 371 374 354,
3920,37392,23,1209,231,32.805371,35.102755,קרית חיים,210 26 80,4400 13279 11031 3935,
6107,37384,9,718,40,32.924903,35.076828,עכו,3,14556 16338,
17983,37384,26,60,0,32.912257,35.278605,עכו,363,4479,
2286,37390,2,2341,282,32.826913,35.075508,קרית מוצקין,12 22 א92,13369 3612 4055,
5518,37384,1,1432,88,32.933787,35.082184,עכו,2 273 3,4451 14555 4189 16337,
17744,37382,14,118,8,32.997526,35.139741,נהריה,47 48,384 4285,
17813,37382,28,82,5,32.957852,35.158212,נהריה,47,384,
6640,37382,20,72,5,33.006190,35.206412,נהריה,42,356,
17614,37382,0,1180,70,33.006413,35.099683,נהריה,13 15 22 23 24 25 27 28 31 7 8,289 291 12149 314 325 326 319 321 296 312 313 316 12119 12151,
3229,37384,15,820,118,32.847626,35.092314,עכו,261 271 471,4411 4440 12158 13281,
17609,37382,0,48,5,33.005776,35.098559,נהריה,50,15248 12141,
6600,37382,21,84,7,32.996218,35.219472,נהריה,39 42,356 344,
18029,37384,28,60,0,32.909401,35.284003,עכו,363,4479,
3559,37392,0,2413,386,32.826144,35.062335,קרית חיים,13 210 26 א93,13229 13230 4400 13279 10991 11030 11315,
7196,37384,25,390,45,32.924752,35.287376,עכו,361,4475,
38917,37382,21,48,3,33.035803,35.192321,נהריה,37,12122,
7199,37382,2,1271,78,33.013062,35.102129,נהריה,13 22 23 24 25 27 28 29 31 7 8,289 291 327 13217 317 324 12150 296 312 313 315 320 323 12116 12120 12031,
6702,37384,22,127,8,32.959615,35.168656,עכו,35,15380 509 510,
3915,37390,6,1094,120,32.818080,35.078286,קרית מוצקין,22,13369,
18033,37382,26,468,32,33.011522,35.284760,נהריה,367 40 43 44 45 46,12300 367 369 370 375 376 377 378 467 514 350 363 371 374,
17559,37382,21,183,0,33.006191,35.092600,נהריה,14,12025,
18829,37384,24,286,20,32.907186,35.168385,עכו,343 66 68 95,4464 6467 6464 6468 6509 6510 11043,
19705,37384,9,761,46,32.931830,35.092780,עכו,2 363,4189 4479,
17793,37382,16,82,5,32.981443,35.150955,נהריה,47,384,
20622,37382,5,816,105,32.995015,35.087782,נהריה,271 3,270 4440,
5826,37382,3,506,34,33.013770,35.103521,נהריה,64 7 8,289 291 9449 296 12031,
6717,37384,3,1031,64,32.930170,35.089503,עכו,3 35 564 61 95,4304 15380 14560 14555 6509 6510 15333 509 510 16337,
2203,37392,3,2213,288,32.833572,35.060207,קרית חיים,13 26 א93,13229 13230 10991 11030 11315,
35695,37390,9,1095,141,32.846101,35.082999,קרית מוצקין,22 א22,13367 13368,
19566,37384,9,761,46,32.928568,35.092529,עכו,2 363,4189 4479,
19745,37384,5,773,51,32.936471,35.093552,עכו,2 251,4405 4189,
17662,37382,6,498,34,33.003380,35.104221,נהריה,5 62 64 99,9448 9449 10126 12027 12028,
17674,37382,11,471,31,33.011021,35.105177,נהריה,7 8,289 291 296,
3011,37390,9,1095,141,32.844580,35.080626,קרית מוצקין,22 א22,13367 13368,
35623,37390,14,2663,312,32.851352,35.076722,קרית מוצקין,12 23,11326 3614,
6464,37382,28,150,16,33.014416,35.290535,נהריה,39 41 471,344 12159 354,
17747,37382,3,1228,91,33.016548,35.141832,נהריה,281 36 367 37 39 40 41 42 43 44 45 46 47 471 48 49 50 53 55,12300 356 4453 367 369 370 375 376 377 378 384 467 514 15249 12187 12122 4285 350 344 363 371 374 10882 16133 12124 12130 12136 12142 12159 354,
20458,37382,17,808,117,32.935747,35.077052,נהריה,271 471,4440 12158,
19583,37382,16,118,8,32.981690,35.150939,נהריה,47 48,384 4285,
3394,37390,0,1314,158,32.833663,35.070001,קרית מוצקין,23 97 98,11328 7547 4095,
36108,37390,8,1253,159,32.842441,35.074664,קרית מוצקין,12,3614,
7087,37384,25,36,1,32.928001,35.170443,עכו,564,15333,
20513,37384,22,105,8,32.942487,35.180120,עכו,564 64,4311 14560 4314 15333,
18764,37382,23,348,20,33.081493,35.157836,נהריה,22 23,13217 312 313 315,
39301,37382,0,391,21,33.005504,35.097344,נהריה,30 367 39 49 55 81,341 342 404 465 10881 12117 16132 12135 12186,17592
17767,37382,12,432,27,33.070254,35.145028,נהריה,22 23 24,13217 317 312 313 315,
20883,37382,17,348,20,33.080696,35.148490,נהריה,22 23,13217 312 313 315,
35505,37384,27,130,5,32.959998,35.176280,עכו,61 62,4304 6462,
18049,37382,28,176,10,33.084723,35.285261,נהריה,27 28 29,327 324 323 12116,
18862,37384,24,845,69,32.917423,35.252633,עכו,176 261 263 361 363,4434 4435 4475 13283 13282 4413 4438 15404 4479,
39267,37390,0,1268,150,32.834954,35.070281,קרית מוצקין,23,11328,
3910,37392,19,1209,231,32.803594,35.089934,קרית חיים,210 26 80,4400 13279 11031 3935,
18042,37382,26,444,30,33.009424,35.285313,נהריה,367 40 43 44 45 46,367 369 370 375 376 377 378 467 514 350 363 371 374,
35667,37390,11,1095,141,32.847316,35.085276,קרית מוצקין,22 א22,13367 13368,
3578,37390,21,1229,159,32.835862,35.103681,קרית מוצקין,12,3612,
6707,37384,16,446,27,32.941041,35.163445,עכו,35 464 564 61 62 64 95,4304 4311 15380 14560 6462 6509 4314 14558 15333 509 510,
2908,37390,13,1253,159,32.847823,35.063656,קרית מוצקין,12,3614,
17539,37382,7,1689,165,32.990007,35.089241,נהריה,18 271 3 4 5 8,270 4440 296 12027 12024 12153,
2188,37392,1,2213,288,32.829106,35.058925,קרית חיים,13 26 א93,13229 13230 10991 11030 11315,
17613,37382,0,641,36,33.004909,35.099147,נהריה,270 272 273 281 296 30 4 51 62 64 99,4439 4448 4451 4453 4455 9448 9449 10127 12117 12024 12143,
6742,37384,1,2014,210,32.924786,35.078384,עכו,2 261 271 343 361 471,4187 4411 4440 4470 12158 13281 4474 11044,
20853,37382,11,832,117,32.969866,35.092903,נהריה,271 273 471 51,4440 12158 4450 12144,
2202,37392,4,2213,288,32.835533,35.061850,קרית חיים,13 26 א93,13229 13230 10991 11030 11315,
6500,37382,13,118,8,32.996156,35.136173,נהריה,47 48,384 4285,
20822,37384,21,105,8,32.942692,35.177294,עכו,564 64,4311 14560 4314 15333,
6442,37382,29,189,11,33.083425,35.283855,נהריה,27 28 29 296,327 4454 4455 324 323 12116,
17565,37382,1,566,37,32.996582,35.093898,נהריה,3,12022,
2659,37384,12,820,118,32.861697,35.095013,עכו,261 271 471,4411 4440 12158 13281,
2306,37390,6,1229,159,32.829155,35.080141,קרית מוצקין,12,3612,
3026,37392,10,1262,156,32.835898,35.054778,קרית חיים,13 א93,13229 13230 10991 11315,
3708,37392,28,200,98,32.798373,35.135208,קרית חיים,210,4400 13279,
3196,37390,16,1229,159,32.842671,35.093134,קרית מוצקין,12,3612,
3025,37392,11,1262,156,32.838644,35.057195,קרית חיים,13 א93,13229 13230 10991 11315,
16988,37390,10,2663,312,32.849358,35.065010,קרית מוצקין,12 23,11326 3614,
3981,37390,18,46,8,32.798476,35.015701,קרית מוצקין,97 98,7547 4095,
38964,37382,10,108,8,33.043129,35.112322,נהריה,22 31,313 12120,
17707,37382,13,166,5,33.020969,35.108593,נהריה,271 3,270 4446,
17317,37390,20,46,8,32.802745,35.008924,קרית מוצקין,97 98,7547 4095,
17976,37382,19,84,4,32.995870,35.277301,נהריה,53,12130,
20745,37384,29,60,0,32.911974,35.286517,עכו,363,4479,
2292,37392,14,1250,156,32.820716,35.081293,קרית חיים,13,13227 13228 11314,
1258,37384,28,327,37,32.802633,35.053393,עכו,361,4474,
20688,37384,4,1135,154,32.916579,35.081697,עכו,271 361 471,4440 12158 4474,
6390,37382,14,873,48,33.021685,35.105589,נהריה,13 271 3,270 4446 12150 12023 266,
18020,37382,23,246,23,33.016624,35.283054,נהריה,281 39 40 41 44 45 471,12300 4453 369 370 375 378 344 12159 354,
3016,37390,16,2663,312,32.855134,35.079121,קרית מוצקין,12 23,11326 3614,
20145,37384,23,105,7,32.953717,35.207755,עכו,464 64,4311 14558,
20113,37384,5,130,5,32.958910,35.169362,עכו,61 62,4304 6462,
2288,37390,1,2341,282,32.831772,35.074116,קרית מוצקין,12 22 א92,13369 3612 4055,
17679,37382,11,108,9,33.045648,35.105753,נהריה,29 31,12116 12120,
6420,37382,15,60,4,33.068477,35.191833,נהריה,27,323,
20271,37384,17,257,15,32.950707,35.163550,עכו,35 61 62 95,4304 15380 6462 6509 509 510,
20767,37384,18,55,4,32.928880,35.150637,עכו,35 95,15380 6509 510,
18022,37382,28,528,39,33.006199,35.283309,נהריה,281 367 40 43 44 45 46 50,12300 4453 367 369 370 375 376 377 378 467 514 15249 350 363 371 374 12142,
7191,37382,13,180,12,32.973221,35.094453,נהריה,18,12153,
6495,37382,26,84,5,33.014467,35.287568,נהריה,40 44 45,12300 369 370 375 378,
2230,37390,27,1094,120,32.808404,35.112599,קרית מוצקין,22,13369,
6522,37382,20,118,8,32.977410,35.165568,נהריה,47 48,384 4285,
17769,37382,25,120,8,33.018083,35.142793,נהריה,37 42,356 12122,
3322,37390,18,46,8,32.799181,35.014569,קרית מוצקין,97 98,7547 4095,
17725,37382,19,96,8,33.082511,35.113290,נהריה,31,12120,
19560,37382,5,801,48,33.021842,35.097093,נהריה,271 3,270 4446 12023 266,
1436,37392,20,1209,231,32.804255,35.095325,קרית חיים,210 26 80,4400 13279 11031 3935,
20459,37384,11,773,51,32.927328,35.094798,עכו,2 251,4405 4189,
2272,37390,2,2402,306,32.835204,35.076509,קרית מוצקין,12 22 א22 א92,13367 13368 4052 3614,
3423,37390,15,1229,159,32.845208,35.091191,קרית מוצקין,12,3612,
17879,37382,12,84,7,33.007418,35.226520,נהריה,39 42,356 344,
1433,37392,16,200,98,32.808528,35.104294,קרית חיים,210,4400 13279,
17666,37382,5,668,41,33.034107,35.104324,נהריה,22 23 24 25 27 28 31,327 317 324 312 313 315 320 323 12120,
19702,37384,7,677,39,32.922499,35.091950,עכו,343 363 464 564 61 62 64 66 68 69 95,4304 4311 4464 14560 6467 14561 6462 6464 6468 6509 6510 4314 11043 14558 15333 4479,
17835,37382,6,192,16,33.015966,35.171807,נהריה,44 45 50,367 369 370 375 377 378 15249 371 12142,
17653,37382,4,680,37,33.025519,35.103688,נהריה,13 22 23 24 25 27 28 3,270 327 13217 317 324 12150 312 313 315 320 323,
17687,37382,0,48,3,33.005629,35.105445,נהריה,37,12122,
18005,37382,27,468,32,33.008079,35.283256,נהריה,367 40 43 44 45 46,12300 367 369 370 375 376 377 378 467 514 350 363 371 374,
38644,37382,0,168,13,33.005504,35.097344,נהריה,22 31 50 51,15249 313 12119 12142 12143,17592
17645,37382,7,608,38,33.055107,35.103104,נהריה,22 23 24 25 27 28 29,327 13217 317 324 312 313 315 320 323 12116,
6638,37382,14,72,5,33.007307,35.230197,נהריה,42,356,
6429,37382,16,164,10,33.068602,35.193691,נהריה,25 27 28,327 324 320 323,
2987,37392,15,200,98,32.841889,35.064703,קרית חיים,210,4399 13277 13278,
7207,37382,15,84,4,33.007998,35.270537,נהריה,53,12130,
17617,37382,22,711,43,33.008063,35.100041,נהריה,22 7 8,289 291 296 312 313,
34157,37384,3,2564,156,32.932128,35.088624,עכו,176 2 251 261 263 3 343 363 464 564 61 62 64 66 68 69 95,4304 4311 4405 4434 4435 4464 13283 14560 6467 13282 4413 4438 14555 14561 6462 6464 6468 6509 6510 4314 11043 4189 14558 15333 15404 4479 16337,
6699,37384,26,130,7,32.962941,35.174639,עכו,61 62 95,4304 6462 6509,
6458,37382,16,48,3,33.039140,35.194381,נהריה,37,12122,
17802,37382,28,82,5,32.958318,35.157483,נהריה,47,384,
17975,37382,16,678,55,33.015240,35.276281,נהריה,281 367 39 40 41 43 44 45 46 471 50,12300 4453 367 369 370 375 376 377 378 467 514 15249 350 344 363 371 374 12142 12159 354,
19570,37384,8,948,68,32.961298,35.093659,עכו,271 273 471 60,4443 4444 4446 4451 12138 12159,
6480,37382,27,108,5,32.986837,35.259627,נהריה,43 53,363 12130,
17780,37382,26,192,16,33.080786,35.148445,נהריה,31 36,12120 12124,
6716,37384,4,1846,113,32.928537,35.089252,עכו,261 263 3 343 35 464 564 61 62 64 66 68 69 95,4304 4311 4434 4435 4464 15380 13283 14560 6467 13282 4413 4438 14555 14561 6462 6464 6468 6509 6510 4314 11043 14558 15333 509 510 16337,
2285,37390,4,2341,282,32.824443,35.078591,קרית מוצקין,12 22 א92,13369 3612 4055,
3499,37392,29,200,98,32.801778,35.140572,קרית חיים,210,4400 13279,
2986,37392,16,200,98,32.840480,35.063742,קרית חיים,210,4399 13277 13278,
5803,37382,14,84,4,33.009904,35.268130,נהריה,53,12130,
17866,37382,20,84,7,32.997686,35.216439,נהריה,39 42,356 344,
19845,37384,5,820,118,32.908307,35.086827,עכו,261 271 471,4411 4440 12158 13281,
17884,37382,20,189,12,33.059863,35.236487,נהריה,25 27 28 29 296,327 4454 4455 324 320 323 12116,
6526,37384,30,36,3,32.957907,35.166800,עכו,62 95,6462 6509,
17551,37382,3,711,55,32.994380,35.091670,נהריה,272 3 471,4447 12158 12022,
17611,37382,13,539,21,32.996642,35.098736,נהריה,14 4,12025 12024,
3303,37392,28,200,98,32.799525,35.134270,קרית חיים,210,4400 13279,
17750,37382,13,668,41,33.075656,35.142023,נהריה,22 23 24 25 27 28 31,327 317 324 312 313 315 320 323 12120,
2743,37390,17,1095,141,32.841506,35.086947,קרית מוצקין,22 א22,13367 13368,
2583,37384,21,1542,179,32.825021,35.079888,עכו,261 271 361 471 500 503,4411 4440 4498 12158 13295 13296 13281 4474 16381,
35627,37392,5,2195,285,32.836550,35.061097,קרית חיים,13 26,13229 13230 11030 11315,
17710,37382,12,543,36,33.008407,35.109365,נהריה,42 7 8,356 289 291 296,
2615,37390,25,1094,120,32.802928,35.107319,קרית מוצקין,22,13369,
7198,37382,11,118,8,32.993743,35.130495,נהריה,47 48,384 4285,
4240,37384,23,36,3,32.961879,35.168742,עכו,62 95,6462 6509,
17729,37382,9,621,39,33.074501,35.115302,נהריה,22 23 24 25 27 28 29 296,327 4454 4455 13217 317 324 312 313 315 320 323 12116,
3184,37390,21,1095,141,32.850532,35.091925,קרית מוצקין,22 א22,13367 13368,
17902,37382,11,774,60,33.025093,35.252544,נהריה,281 367 40 41 43 44 45 46 471 49 50 53,4453 367 369 370 375 376 377 378 467 514 15249 350 363 371 374 16133 12130 12136 12142 12159 354,
17721,37382,2,1501,105,33.008834,35.110679,נהריה,36 367 37 39 40 41 42 43 44 45 46 47 49 50 7 8,12300 356 289 291 367 369 370 375 376 377 378 384 467 514 15249 12122 296 350 344 363 371 374 12031 16133 12124 12136 12142 354,
3594,37392,0,2554,400,32.822901,35.067022,קרית חיים,13 210 26 80 93 א80 א93,4399 13227 13228 13277 13278 10990 11031 11314 3935 3936 4061,
19709,37384,7,808,117,32.897224,35.093373,עכו,271 471,4440 12158,
2218,37392,6,2259,289,32.818438,35.068666,קרית חיים,13 26 80,13227 13228 11031 11314 3935,
17623,37382,0,1639,112,33.005583,35.100018,נהריה,15 36 367 37 39 40 41 42 43 44 45 46 47 471 48 49 5 53 55 80 81,4282 356 341 342 345 353 364 365 366 372 373 383 404 465 513 12158 12123 9972 360 12027 10881 12028 16132 4281 12121 12129 12135 12151 12186,
2232,37390,28,1094,120,32.809892,35.111622,קרית מוצקין,22,13369,
2483,37390,4,1410,153,32.845411,35.066931,קרית מוצקין,23,11326,
17964,37382,19,84,4,32.996927,35.275971,נהריה,53,12130,
2238,37390,30,2362,270,32.812836,35.111781,קרית מוצקין,22 23,13369 11328,
35797,37392,20,200,98,32.810513,35.115087,קרית חיים,210,4400 13279,
3631,37392,8,54,6,32.817744,35.069660,קרית חיים,א93,10990,
17847,37382,20,25,2,33.069187,35.193122,נהריה,29 296,4454 4455 12116,
35625,37392,5,200,98,32.824200,35.078396,קרית חיים,210,4399 13277 13278,
3869,37384,28,1147,155,32.799882,35.050769,עכו,261 271 361 471,4411 4440 12158 13281 4474,
6618,37382,0,566,37,33.004520,35.095848,נהריה,3,12022,
4201,37384,17,55,4,32.930642,35.147449,עכו,35 95,15380 6509 510,
3719,37390,27,1094,120,32.806820,35.110615,קרית מוצקין,22,13369,
7293,37382,7,118,8,32.995871,35.140080,נהריה,47 48,384 4285,
17568,37382,3,801,48,33.012551,35.094072,נהריה,271 3,270 4446 12023 266,
17797,37382,26,118,8,32.970200,35.151099,נהריה,47 48,384 4285,
17650,37382,3,764,45,33.018474,35.103579,נהריה,13 22 23 24 25 27 28 31,327 13217 317 324 12150 312 313 315 320 323 12120,
7086,37384,26,36,1,32.931692,35.161706,עכו,564,15333,
18856,37384,28,383,24,32.918734,35.247543,עכו,261 263,4434 4435 13283 13282 4413 4438,
17657,37382,11,108,9,33.057038,35.103870,נהריה,29 31,12116 12120,
20516,37384,19,105,8,32.942186,35.165934,עכו,564 64,4311 14560 4314 15333,
1437,37390,20,2362,270,32.803919,35.092606,קרית מוצקין,22 23,13369 11328,
3402,37384,13,820,118,32.858335,35.094605,עכו,261 271 471,4411 4440 12158 13281,
17468,37392,25,200,98,32.809005,35.130165,קרית חיים,210,4400 13279,
17981,37382,20,84,4,32.993862,35.278228,נהריה,53,12130,
3558,37392,0,2536,397,32.826097,35.062495,קרית חיים,13 210 26 80 א80 א93,4399 13227 13228 13277 13278 10990 11031 11314 3935 3936,
20148,37384,21,105,7,32.953201,35.199348,עכו,464 64,4311 14558,
1469,37390,8,1094,120,32.815284,35.074972,קרית מוצקין,22,13369,
2470,37390,26,1094,120,32.805787,35.109703,קרית מוצקין,22,13369,
20274,37382,7,83,6,32.981687,35.085043,נהריה,30,12118,
20198,37384,13,773,51,32.922807,35.096907,עכו,2 251,4405 4189,
17532,37382,16,183,0,32.989826,35.089163,נהריה,14,12025,
6719,37384,0,3074,267,32.927627,35.081714,עכו,2 261 263 271 343 35 361 363 464 471 564 60 61 62 64 68,4187 4302 4411 4428 4430 4431 4440 4470 4478 511 512 12158 13281 15381 4474 6462 6466 4309 11044 14557 15332 15334 14559 12137,
2278,37390,8,1095,141,32.842305,35.078938,קרית מוצקין,22 א22,13367 13368,
19706,37384,6,773,51,32.937698,35.093137,עכו,2 251,4405 4189,
17544,37382,19,183,0,32.997698,35.090554,נהריה,14,12025,
35648,37390,6,54,6,32.839410,35.082350,קרית מוצקין,א92,4052,
20109,37384,13,141,10,32.933523,35.160918,עכו,464 62 64 95,4311 6462 6509 14558,
20269,37384,3,1147,155,32.918897,35.079688,עכו,261 271 361 471,4411 4440 12158 13281 4474,
17556,37382,15,183,0,32.989434,35.092145,נהריה,14,12025,
37703,37384,29,390,45,32.922954,35.299795,עכו,361,4475,37411
3908,37392,17,1209,231,32.803197,35.085213,קרית חיים,210 26 80,4400 13279 11031 3935,
6602,37382,14,84,7,33.009786,35.233188,נהריה,39 42,356 344,
17762,37382,5,202,11,33.000798,35.143839,נהריה,47 48 55,384 12187 4285 10882,
3223,37390,24,1094,120,32.800892,35.105671,קרית מוצקין,22,13369,
6698,37384,25,127,10,32.964392,35.177535,עכו,35 95,15380 6509 509 510,
17859,37382,22,84,7,33.081409,35.210107,נהריה,24,317,
39145,37382,14,808,117,32.942519,35.084305,נהריה,271 471,4440 12158,
20147,37384,22,105,7,32.952562,35.203269,עכו,464 64,4311 14558,
17815,37384,20,130,7,32.959741,35.163091,עכו,61 62 95,4304 6462 6509,
17684,37382,0,1548,111,33.005654,35.105485,נהריה,15 36 367 39 40 41 42 43 44 45 46 47 471 49 5 50 53 62,12300 356 367 369 370 375 376 377 378 384 467 514 9448 15249 350 344 363 371 374 12027 12028 16133 12124 12130 12136 12142 12151 12159 354,
2183,37392,8,2213,288,32.831404,35.054899,קרית חיים,13 26 א93,13229 13230 10991 11030 11315,
2276,37390,5,1253,159,32.838950,35.080030,קרית מוצקין,12,3614,
19587,37382,11,202,11,32.992532,35.144094,נהריה,47 48 55,384 12187 4285 10882,
2477,37390,10,1229,159,32.833751,35.087516,קרית מוצקין,12,3612,
6471,37382,28,132,9,33.007285,35.312437,נהריה,40 50,12300 350 12142,
39149,37384,2,34,2,32.935294,35.082897,עכו,35,510,
19847,37384,6,948,68,32.946504,35.087715,עכו,271 273 471 60,4443 4444 4446 4451 12138 12159,
3393,37392,12,1244,153,32.841093,35.058802,קרית חיים,13,13229 13230 11315,
17548,37384,15,858,57,32.989647,35.090957,עכו,271,4443 4444 4446,
2193,37392,5,2290,291,32.821858,35.070474,קרית חיים,13 26 א93,13227 13228 10990 11031 11314,
20118,37384,23,130,7,32.962465,35.165313,עכו,61 62 95,4304 6462 6509,
6576,37382,15,48,3,33.037790,35.191441,נהריה,37,12122,
6392,37382,26,336,20,33.073166,35.150032,נהריה,22 36,312 313 12124,
6590,37382,12,84,7,33.008131,35.228859,נהריה,39 42,356 344,
18051,37382,25,468,32,33.012565,35.285543,נהריה,367 40 43 44 45 46,12300 367 369 370 375 376 377 378 467 514 350 363 371 374,
17833,37382,6,438,35,33.015892,35.170430,נהריה,281 367 40 43 46 471 49 53,12300 4453 467 514 350 363 16133 12130 12136 12159,
17737,37382,2,1180,86,33.007749,35.119263,נהריה,281 36 367 37 39 40 41 42 43 44 45 46 47 471 48 49 53 55,12300 356 4453 367 369 370 375 376 377 378 384 467 514 12187 12122 4285 350 344 363 371 374 10882 16133 12124 12130 12136 12159 354,
3306,37392,26,200,98,32.805721,35.133429,קרית חיים,210,4400 13279,
18050,37382,30,92,5,33.098629,35.285225,נהריה,28,327,
6696,37382,15,84,3,32.975012,35.228109,נהריה,55,12187 10882,
35579,37384,19,105,7,32.953590,35.192267,עכו,464 64,4311 14558,
6470,37382,30,132,9,33.007114,35.317588,נהריה,40 50,12300 350 12142,
19527,37384,7,735,46,32.931300,35.074830,עכו,2,4187,
20124,37384,26,36,3,32.931988,35.160850,עכו,564 95,6509 15333,
4165,37384,30,60,0,32.912938,35.288595,עכו,363,4479,
2502,37384,14,820,118,32.855724,35.094325,עכו,261 271 471,4411 4440 12158 13281,
20437,37382,17,808,117,32.937777,35.077959,נהריה,271 471,4440 12158,
6095,37382,1,511,32,33.005510,35.107384,נהריה,15 5 62 99,9448 10126 12027 12028 12151,
7231,37382,21,84,4,32.995600,35.277252,נהריה,53,12130,
2309,37392,29,1250,156,32.849161,35.096153,קרית חיים,13,13227 13228 11314,
17570,37382,7,2400,220,32.989299,35.094151,נהריה,18 271 272 273 3 4 471 5 8,4440 4447 12158 296 4450 12027 12022 12024 12153,
6486,37382,22,384,27,33.016660,35.284436,נהריה,367 40 43 44 45 46,367 376 377 467 514 350 363 371 374,
3725,37392,9,2459,387,32.817848,35.076978,קרית חיים,13 210 26 א80,4399 13227 13228 13277 13278 11031 11314 3936,
17699,37382,10,873,48,33.025179,35.106227,נהריה,13 271 3,270 4446 12150 12023 266,
18779,37384,3,84,5,32.939090,35.084592,עכו,273 60,4451 12138,
17576,37382,6,903,64,32.989393,35.094650,נהריה,3 5 8,296 12027 12022,
6411,37382,7,903,64,32.989906,35.094935,נהריה,3 5 8,296 12027 12022,
17775,37382,15,540,36,33.071005,35.147769,נהריה,22 23 24 29 31,13217 317 312 313 315 12116 12120,
3922,37392,17,223,102,32.811370,35.104583,קרית חיים,210 א80,4400 13279 3936,
38146,37382,0,526,40,33.005504,35.097344,נהריה,25 41 42 43 44 46 47 50 53,356 353 364 365 366 383 513 15248 319 360 12129 12141,17592
17673,37382,3,506,34,33.011009,35.105283,נהריה,64 7 8,289 291 9449 296 12031,
2596,37390,20,1095,141,32.847963,35.091159,קרית מוצקין,22 א22,13367 13368,
17749,37382,29,336,20,33.074916,35.142562,נהריה,22 36,312 313 12124,
6424,37382,27,60,4,33.057192,35.237358,נהריה,27,323,
17575,37382,9,1107,135,32.982757,35.094844,נהריה,18 271 273 30 471 51 80,4440 12158 12118 9972 4450 12144 12153,
6715,37384,5,732,45,32.927849,35.091837,עכו,343 35 464 564 61 62 64 66 68 95,4304 4311 4464 15380 14560 6467 6462 6464 6468 6509 6510 4314 11043 14558 15333 509 510,
6527,37384,27,130,7,32.959719,35.168786,עכו,61 62 95,4304 6462 6509,
3918,37390,15,2362,270,32.802595,35.075893,קרית מוצקין,22 23,13369 11328,
20445,37384,24,127,10,32.963450,35.176108,עכו,35 95,15380 6509 509 510,
5511,37382,30,82,5,32.958287,35.167748,נהריה,47,384,
20149,37384,19,105,7,32.954767,35.183535,עכו,464 64,4311 14558,
17587,37382,0,372,28,33.006112,35.096424,נהריה,31 36 37 50 53,15249 12122 12120 12124 12130 12142,
3392,37392,17,200,98,32.843294,35.060113,קרית חיים,210,4399 13277 13278,
18018,37382,27,176,10,33.081230,35.281638,נהריה,27 28 29,327 324 323 12116,
2157,37390,18,46,8,32.797615,35.017773,קרית מוצקין,97 98,7547 4095,
7230,37382,27,108,5,32.988140,35.265305,נהריה,43 53,363 12130,
17558,37384,20,864,63,32.995393,35.092232,עכו,271 471,4443 4444 4446 12159,
6644,37382,9,108,8,33.039613,35.111832,נהריה,22 31,313 12120,
17929,37382,13,90,10,33.013675,35.266677,נהריה,471 53,12130 12159,
3851,37384,29,331,49,32.797341,35.046952,עכו,361 471,12158 4474,
3786,37392,8,2236,285,32.819350,35.072567,קרית חיים,13 26,13227 13228 11031 11314,
2357,37384,27,1147,155,32.805751,35.056530,עכו,261 271 361 471,4411 4440 12158 13281 4474,
17629,37382,0,1434,101,33.005522,35.101838,נהריה,15 281 36 367 37 39 40 41 42 43 44 45 46 47 471 49 5 53 55 62,12300 356 4453 367 369 370 375 376 377 378 384 467 514 9448 12187 12122 350 344 363 371 374 10882 12028 16133 12124 12130 12136 12151 12159 354,
35795,37392,20,200,98,32.807441,35.117240,קרית חיים,210,4400 13279,
35656,37390,2,1268,150,32.831061,35.067087,קרית מוצקין,23,11328,
6718,37384,0,81,10,32.927811,35.081690,עכו,60 95,6509 6510 12138,
3007,37392,6,200,98,32.811044,35.069138,קרית חיים,210,4400 13279,
19537,37384,7,773,51,32.937068,35.094638,עכו,2 251,4405 4189,
6482,37382,18,84,4,32.998856,35.273165,נהריה,53,12130,
20744,37384,30,60,0,32.912241,35.287259,עכו,363,4479,
6496,37382,26,84,5,33.015726,35.288841,נהריה,40 44 45,12300 369 370 375 378,
6391,37382,16,324,16,33.080557,35.150706,נהריה,22 23,312 313 315,
17523,37382,16,183,0,32.990901,35.086816,נהריה,14,12025,
17755,37382,28,336,20,33.071599,35.143244,נהריה,22 36,312 313 12124,
35669,37390,12,1095,141,32.845536,35.086306,קרית מוצקין,22 א22,13367 13368,
18015,37382,21,630,50,33.015355,35.281995,נהריה,281 367 39 40 41 43 44 45 46 471,12300 4453 367 369 370 375 376 377 378 467 514 350 344 363 371 374 12159 354,
17781,37382,24,192,16,33.077873,35.148998,נהריה,31 36,12120 12124,
2585,37392,15,1250,156,32.823554,35.081644,קרית חיים,13,13227 13228 11314,
19285,37384,22,134,4,32.883576,35.214947,עכו,68,6467 6468,
19704,37382,18,808,117,32.934700,35.077082,נהריה,271 471,4440 12158,
6459,37382,24,48,3,33.037905,35.194510,נהריה,37,12122,
20490,37384,6,948,68,32.951698,35.089832,עכו,271 273 471 60,4443 4444 4446 4451 12138 12159,
38757,37384,14,72,5,32.963082,35.097406,עכו,60,12138,
18765,37382,23,348,20,33.082205,35.156680,נהריה,22 23,13217 312 313 315,
17716,37382,19,96,8,33.085308,35.109564,נהריה,31,12120,
17766,37382,28,336,20,33.070164,35.145018,נהריה,22 36,312 313 12124,
18071,37382,30,93,5,33.099707,35.290268,נהריה,28 296,327 4454,
6574,37382,4,166,8,33.003160,35.144468,נהריה,47 55,384 12187 10882,
20447,37384,25,130,7,32.962475,35.170024,עכו,61 62 95,4304 6462 6509,
35837,37392,27,200,98,32.858170,35.091366,קרית חיים,210,4399 13277 13278,
6695,37382,15,84,3,32.975284,35.232783,נהריה,55,12187 10882,
17649,37382,3,506,34,33.013562,35.105180,נהריה,64 7 8,289 291 9449 296 12031,
17355,37390,19,1095,141,32.845618,35.089573,קרית מוצקין,22 א22,13367 13368,
18097,37382,30,276,20,33.000144,35.299456,נהריה,44 45 46,367 369 370 375 376 377 378 514 371 374,
6541,37384,20,130,7,32.960649,35.158873,עכו,61 62 95,4304 6462 6509,
18768,37382,23,420,24,33.078771,35.152861,נהריה,22 23 31,312 313 315 12120,
17843,37382,17,60,4,33.068091,35.190176,נהריה,27,323,
6445,37382,16,60,4,33.067617,35.187582,נהריה,27,323,
17720,37382,9,717,47,33.064932,35.109419,נהריה,22 23 24 25 27 28 29 296 31,327 4454 4455 13217 317 324 312 313 315 320 323 12116 12120,
17840,37382,15,273,19,33.073416,35.183933,נהריה,24 25 27 28 29 296,327 4454 4455 317 324 320 323 12116,
17930,37382,14,624,44,33.014005,35.267307,נהריה,281 367 39 40 41 43 44 45 46,12300 4453 367 369 370 375 376 377 378 467 514 350 344 363 371 374 354,
17527,37382,6,1689,165,32.992637,35.087303,נהריה,18 271 3 4 5 8,270 4440 296 12027 12024 12153,
7091,37384,15,36,1,32.927989,35.174282,עכו,564,15333,
17538,37382,3,566,37,32.990425,35.090793,נהריה,3,12022,
17715,37382,18,96,8,33.085296,35.109452,נהריה,31,12120,
3160,37390,22,1095,141,32.851834,35.091678,קרית מוצקין,22 א22,13367 13368,
2963,37392,17,200,98,32.812293,35.107016,קרית חיים,210,4400 13279,
19722,37384,10,820,118,32.873140,35.096432,עכו,261 271 471,4411 4440 12158 13281,
6627,37382,7,539,21,32.995255,35.098338,נהריה,14 4,12025 12024,
17545,37382,3,1834,183,32.997737,35.090774,נהריה,18 271 272 273 4 471 5 8,4440 4447 12158 296 4450 12027 12024 12153,
17860,37382,20,84,7,33.081378,35.210147,נהריה,24,317,
7085,37384,12,72,6,32.915938,35.157101,עכו,35,509,
17589,37382,4,801,48,33.018291,35.096502,נהריה,271 3,270 4446 12023 266,
18161,37382,29,132,9,33.007241,35.314203,נהריה,40 50,12300 350 12142,
20070,37382,8,83,6,32.979868,35.093641,נהריה,30,12118,
3029,37390,21,46,8,32.804693,35.003230,קרית מוצקין,97 98,7547 4095,
2266,37392,7,200,98,32.832660,35.073513,קרית חיים,210,4399 13277 13278,
20770,37384,14,55,2,32.930403,35.138524,עכו,35,15380 510,
35945,37390,7,1095,141,32.840562,35.078424,קרית מוצקין,22 א22,13367 13368,
6093,37382,3,500,31,33.004838,35.109558,נהריה,15 5 62,9448 12027 12028 12151,
20555,37384,24,105,7,32.955173,35.213420,עכו,464 64,4311 14558,
6408,37382,30,150,16,33.014667,35.292185,נהריה,39 41 471,344 12159 354,
17632,37382,7,489,29,33.004901,35.102017,נהריה,15 5,12027 12028 12151,
2177,37392,1,200,98,32.824033,35.058751,קרית חיים,210,4400 13279,
20230,37382,24,118,8,32.976856,35.159657,נהריה,47 48,384 4285,
2305,37390,12,1229,159,32.840139,35.088995,קרית מוצקין,12,3612,
20264,37382,12,118,8,32.995828,35.131702,נהריה,47 48,384 4285,
17616,37382,8,647,43,33.026275,35.099896,נהריה,3,270 12023 266,
20884,37382,18,348,20,33.077920,35.149112,נהריה,22 23,13217 312 313 315,
20515,37384,20,105,8,32.941496,35.170265,עכו,564 64,4311 14560 4314 15333,
18038,37382,26,480,34,33.012250,35.284788,נהריה,281 367 40 43 44 45 46,12300 4453 367 369 370 375 376 377 378 467 514 350 363 371 374,
2741,37390,21,1095,141,32.849165,35.091831,קרית מוצקין,22 א22,13367 13368,
19746,37382,1,84,7,33.007119,35.107107,נהריה,281 44 48,4453 367 369 370 4285,
18760,37382,28,264,16,33.073966,35.153976,נהריה,22,13217 312 313,
3632,37392,7,54,6,32.819470,35.073414,קרית חיים,א93,10990,
17635,37382,8,801,48,33.025844,35.102670,נהריה,271 3,270 4446 12023 266,
6704,37384,19,257,15,32.957976,35.164058,עכו,35 61 62 95,4304 15380 6462 6509 509 510,
18766,37382,22,348,20,33.082751,35.154069,נהריה,22 23,13217 312 313 315,
2739,37392,10,200,98,32.838284,35.083138,קרית חיים,210,4399 13277 13278,
3497,37390,23,1094,120,32.803283,35.104050,קרית מוצקין,22,13369,
19586,37382,17,36,3,32.996549,35.143199,נהריה,48,4285,
20701,37384,6,641,38,32.926045,35.092392,עכו,343 363 464 564 61 64 66 68 69 95,4304 4311 4464 14560 6467 14561 6464 6468 6509 6510 4314 11043 14558 15333 4479,
20610,37384,10,773,51,32.927973,35.093580,עכו,2 251,4405 4189,
7090,37384,16,36,1,32.926012,35.178669,עכו,564,15333,
6629,37382,30,84,7,33.091183,35.227799,נהריה,24,317,
39300,37382,0,337,21,33.005504,35.097344,נהריה,28 36 37 45 48,4282 325 326 372 373 12123 4281 12121,17592
17851,37382,23,84,7,33.005814,35.205847,נהריה,39 42,356 344,
