stop_id,station_id,travel_time,weekday_trips,weekend_trips,latitude,longitude,station_name,line_numbers,route_ids,parent_stop
9966,37318,13,2410,369,31.765946,35.194091,ירושלים מלחה,5 6,12403 12439 12954 12955 10865,
9506,37318,17,285,33,31.755077,35.176530,ירושלים מלחה,א35,12383,
10438,37318,21,1048,125,31.772065,35.192383,ירושלים מלחה,5,12439 12954 12955 10865,
11478,37318,0,581,80,31.748592,35.188090,ירושלים מלחה,18 264 35,12381 12944 13776 10800,
9629,37318,14,304,42,31.755245,35.200177,ירושלים מלחה,א18,12941 12940 10798,
9979,37320,15,754,96,31.733326,35.190347,ירושלים גן חיות,33,12855 10238,
11835,37318,8,981,119,31.737300,35.200125,ירושלים מלחה,31,12886 12887 10402,
10439,37318,21,1048,125,31.770694,35.192603,ירושלים מלחה,5,12439 12954 12955 10865,
10173,37318,2,1366,159,31.752702,35.186600,ירושלים מלחה,31 א35,12383 12884 12885 10401,
9437,37318,26,304,42,31.761420,35.214155,ירושלים מלחה,א18,12941 12940 10798,
9512,37318,19,285,33,31.759854,35.176250,ירושלים מלחה,א35,12383,
10419,37318,6,285,33,31.751143,35.182157,ירושלים מלחה,א35,12383,
11267,37318,22,285,33,31.765251,35.173594,ירושלים מלחה,א35,12383,
9896,37318,29,855,117,31.775312,35.208976,ירושלים מלחה,14,12834 12835 10179,
10135,37318,11,981,119,31.735622,35.198798,ירושלים מלחה,31,12886 12887 10402,
9385,37318,15,1159,159,31.759294,35.210953,ירושלים מלחה,14 א18,12834 12835 12941 10179 12940 10798,
8751,37318,14,981,119,31.732754,35.195872,ירושלים מלחה,31,12886 12887 10402,
9375,37318,9,855,117,31.756990,35.205754,ירושלים מלחה,14,12834 12835 10179,
9355,37320,22,983,108,31.785759,35.189343,ירושלים גן חיות,33,10235,
9743,37320,14,418,54,31.758807,35.183814,ירושלים גן חיות,א26,10202,
10779,37318,7,855,117,31.755797,35.201418,ירושלים מלחה,14,12834 12835 10179,
11554,37318,22,1048,125,31.771177,35.194163,ירושלים מלחה,5,12439 12954 12955 10865,
10656,37320,13,754,96,31.731602,35.193396,ירושלים גן חיות,33,12855 10238,
11813,37318,2,1382,156,31.750298,35.185120,ירושלים מלחה,33,12854 10235 10236 10237,
9378,37318,21,304,42,31.756926,35.209188,ירושלים מלחה,א18,12941 12940 10798,
9646,37318,19,855,117,31.762676,35.208147,ירושלים מלחה,14,12834 12835 10179,
11624,37318,20,855,117,31.764226,35.209096,ירושלים מלחה,14,12834 12835 10179,
8973,37320,12,1401,162,31.763738,35.185178,ירושלים גן חיות,33 א26,10202 10235,
8975,37320,29,418,54,31.765690,35.186023,ירושלים גן חיות,א26,10202,
9808,37318,6,855,117,31.755304,35.198897,ירושלים מלחה,14,12834 12835 10179,
11738,37318,6,981,119,31.739311,35.195278,ירושלים מלחה,31,12886 12887 10402,
10449,37320,30,418,54,31.763331,35.187265,ירושלים גן חיות,א26,10202,
9915,37318,13,285,33,31.757751,35.181034,ירושלים מלחה,א35,12383,
8734,37318,12,1119,104,31.783058,35.203246,ירושלים מלחה,161 164 165 167 169 261 266,6241 13313 13315 13316 13318 13730 13810 6222 6223 6251 6252 6253 6285 11423,
9575,37320,24,983,108,31.786078,35.184670,ירושלים גן חיות,33,10235,
11516,37318,9,285,33,31.751355,35.181149,ירושלים מלחה,א35,12383,
9046,37318,20,1043,126,31.790347,35.197525,ירושלים מלחה,31,12884 12885,
9507,37318,16,285,33,31.753330,35.176674,ירושלים מלחה,א35,12383,
10420,37318,5,285,33,31.753259,35.184054,ירושלים מלחה,א35,12383,
10444,37318,14,1048,125,31.774215,35.186006,ירושלים מלחה,5,12439 12954 12955 10865,
10281,37318,20,1404,137,31.783709,35.200730,ירושלים מלחה,161 164 165 167 169 261 266 א35,12383 6241 13313 13315 13316 13318 13730 13810 6222 6223 6251 6252 6253 6285 11423,
10169,37320,0,1401,162,31.745638,35.177332,ירושלים גן חיות,33 א26,10202 10235,
11819,37320,12,418,54,31.762132,35.180811,ירושלים גן חיות,א26,10202,
8965,37320,14,983,108,31.773914,35.182807,ירושלים גן חיות,33,10235,
11266,37320,25,418,54,31.771685,35.181856,ירושלים גן חיות,א26,10202,
11548,37318,7,285,33,31.748513,35.181140,ירושלים מלחה,א35,12383,
10067,37318,16,981,119,31.728306,35.188368,ירושלים מלחה,31,12886 12887 10402,
10171,37320,2,983,108,31.748028,35.177959,ירושלים גן חיות,33,10235,
8969,37320,12,983,108,31.768865,35.182614,ירושלים גן חיות,33,10235,
9331,37318,9,304,42,31.753506,35.193692,ירושלים מלחה,א18,12941 12940 10798,
10063,37318,19,981,119,31.733217,35.181058,ירושלים מלחה,31,12886 12887 10402,
8768,37320,13,1401,162,31.766925,35.183560,ירושלים גן חיות,33 א26,10202 10235,
11600,37320,11,1401,162,31.761799,35.185695,ירושלים גן חיות,33 א26,10202 10235,
11826,37320,17,983,108,31.777998,35.183654,ירושלים גן חיות,33,10235,
8977,37320,27,418,54,31.768204,35.182993,ירושלים גן חיות,א26,10202,
10441,37318,19,1048,125,31.771526,35.190071,ירושלים מלחה,5,12439 12954 12955 10865,
11725,37318,0,3912,575,31.748791,35.187095,ירושלים מלחה,14 264 31 6 א18 א35,12383 12404 12834 12835 12886 13775 12941 10179 12887 12940 10402 10798,
8976,37320,28,418,54,31.766310,35.184006,ירושלים גן חיות,א26,10202,
9403,37318,30,304,42,31.763984,35.219880,ירושלים מלחה,א18,12941 12940 10798,
10108,37318,5,855,117,31.753069,35.199323,ירושלים מלחה,14,12834 12835 10179,
11269,37318,24,285,33,31.768851,35.177767,ירושלים מלחה,א35,12383,
8972,37320,12,1401,162,31.764967,35.183917,ירושלים גן חיות,33 א26,10202 10235,
10418,37318,7,285,33,31.749201,35.181770,ירושלים מלחה,א35,12383,
9408,37318,24,855,117,31.765390,35.206056,ירושלים מלחה,14,12834 12835 10179,
9630,37318,18,304,42,31.752366,35.205506,ירושלים מלחה,א18,12941 12940 10798,
38610,37318,8,968,77,31.789356,35.203427,ירושלים מלחה,160 440,13309 13311 6176 6177 6178 6179 6181 6183 6184 6189 6193 6194 13310 6984 6985 6986,10758
10442,37318,18,1048,125,31.773122,35.189080,ירושלים מלחה,5,12439 12954 12955 10865,
10319,37318,0,7889,955,31.748739,35.190944,ירושלים מלחה,14 160 161 164 165 167 169 261 266 31 33 4 440 483 5 6,12400 12403 12439 12836 12837 12854 6241 12884 12885 12954 12955 13309 13311 13313 13315 13316 13318 13730 13810 10180 10235 10236 10237 6176 6177 6178 6179 6181 6183 6184 6189 6193 6194 6222 6223 6251 6252 6253 6285 10401 14580 13310 10865 6984 6985 6986 11423,
9959,37320,26,983,108,31.787220,35.181049,ירושלים גן חיות,33,10235,
9980,37320,15,754,96,31.731609,35.189593,ירושלים גן חיות,33,12855 10238,
9895,37318,5,2410,369,31.756814,35.194897,ירושלים מלחה,5 6,12403 12439 12954 12955 10865,
10665,37318,8,285,33,31.749320,35.180220,ירושלים מלחה,א35,12383,
9910,37320,21,418,54,31.766551,35.181319,ירושלים גן חיות,א26,10202,
10594,37320,5,1401,162,31.755983,35.181672,ירושלים גן חיות,33 א26,10202 10235,
9509,37318,14,285,33,31.753694,35.179171,ירושלים מלחה,א35,12383,
11814,37320,3,754,96,31.748751,35.184801,ירושלים גן חיות,33,12855 10238,
11700,37318,19,981,119,31.731215,35.182461,ירושלים מלחה,31,12886 12887 10402,
9872,37320,19,754,96,31.732742,35.183390,ירושלים גן חיות,33,12855 10238,
9513,37318,18,285,33,31.757899,35.176946,ירושלים מלחה,א35,12383,
10065,37318,18,981,119,31.729948,35.185463,ירושלים מלחה,31,12886 12887 10402,
9873,37320,18,754,96,31.732382,35.185624,ירושלים גן חיות,33,12855 10238,
35302,37318,2,3314,491,31.749190,35.192415,ירושלים מלחה,14 31 6,12404 12834 12835 12886 10179 12887 10402,
9539,37318,8,2410,369,31.761109,35.199930,ירושלים מלחה,5 6,12403 12439 12954 12955 10865,
10515,37318,28,3326,496,31.784283,35.203872,ירושלים מלחה,14 264 31 4 6,12400 12403 12834 12835 12884 12885 13775 10179 10401,
11832,37320,27,983,108,31.788608,35.178549,ירושלים גן חיות,33,10235,
10754,37318,29,2756,421,31.788601,35.202592,ירושלים מלחה,264 31 6 א18,12403 12884 12885 13775 12941 12940 10401 10798,
8964,37320,10,1401,162,31.760056,35.185022,ירושלים גן חיות,33 א26,10202 10235,
9380,37318,20,304,42,31.755544,35.207347,ירושלים מלחה,א18,12941 12940 10798,
9553,37318,8,2087,181,31.787317,35.199372,ירושלים מלחה,160 161 164 165 167 169 261 266 440,6241 13309 13311 13313 13315 13316 13318 13730 13810 6176 6177 6178 6179 6181 6183 6184 6189 6193 6194 6222 6223 6251 6252 6253 6285 13310 6984 6985 6986 11423,
10417,37318,9,285,33,31.752668,35.181747,ירושלים מלחה,א35,12383,
11823,37318,12,1048,125,31.768534,35.190253,ירושלים מלחה,5,12439 12954 12955 10865,
8749,37318,21,2462,370,31.782900,35.202218,ירושלים מלחה,31 4 6,12400 12403 12884 12885 10401,
11263,37318,21,285,33,31.763012,35.172739,ירושלים מלחה,א35,12383,
8730,37320,26,418,54,31.769615,35.182556,ירושלים גן חיות,א26,10202,
10179,37318,3,1081,126,31.753260,35.189545,ירושלים מלחה,31,12884 12885 10401,
9614,37318,17,285,33,31.756377,35.176912,ירושלים מלחה,א35,12383,
10846,37318,10,1119,104,31.787931,35.203427,ירושלים מלחה,161 164 165 167 169 261 266,6241 13313 13315 13316 13318 13730 13810 6222 6223 6251 6252 6253 6285 11423,
37729,37318,26,1043,126,31.802037,35.204886,ירושלים מלחה,31,12884 12885,
9788,37320,17,754,96,31.734931,35.188669,ירושלים גן חיות,33,12855 10238,
9552,37318,6,2410,369,31.757301,35.196924,ירושלים מלחה,5 6,12403 12439 12954 12955 10865,
9796,37320,14,754,96,31.729756,35.190708,ירושלים גן חיות,33,12855 10238,
9618,37320,22,418,54,31.768228,35.178018,ירושלים גן חיות,א26,10202,
9508,37318,15,285,33,31.752318,35.177832,ירושלים מלחה,א35,12383,
10424,37318,9,981,119,31.733999,35.199851,ירושלים מלחה,31,12886 12887 10402,
10101,37318,17,1048,125,31.775112,35.185454,ירושלים מלחה,5,12439 12954 12955 10865,
9313,37318,10,2410,369,31.760283,35.197109,ירושלים מלחה,5 6,12403 12439 12954 12955 10865,
11824,37318,11,1048,125,31.767259,35.192480,ירושלים מלחה,5,12439 12954 12955 10865,
10759,37320,4,754,96,31.750945,35.186670,ירושלים גן חיות,33,12855 10238,
10394,37320,25,418,54,31.770999,35.182429,ירושלים גן חיות,א26,10202,
9789,37320,16,754,96,31.736684,35.189172,ירושלים גן חיות,33,12855 10238,
8728,37320,13,983,108,31.770980,35.182324,ירושלים גן חיות,33,10235,
9584,37318,10,855,117,31.758461,35.207363,ירושלים מלחה,14,12834 12835 10179,
11812,37320,3,1401,162,31.750284,35.178439,ירושלים גן חיות,33 א26,10202 10235,
9366,37318,10,981,119,31.734608,35.200884,ירושלים מלחה,31,12886 12887 10402,
10015,37320,13,418,54,31.761404,35.183261,ירושלים גן חיות,א26,10202,
10425,37318,7,981,119,31.738649,35.196897,ירושלים מלחה,31,12886 12887 10402,
11604,37318,27,855,117,31.770499,35.208828,ירושלים מלחה,14,12834 12835 10179,
9353,37320,25,983,108,31.785655,35.182521,ירושלים גן חיות,33,10235,
8726,37320,27,983,108,31.790432,35.177360,ירושלים גן חיות,33,10235,
9747,37318,13,981,119,31.734045,35.196690,ירושלים מלחה,31,12886 12887 10402,
10274,37318,12,304,42,31.755635,35.197993,ירושלים מלחה,א18,12941 12940 10798,
9782,37318,26,285,33,31.766971,35.180274,ירושלים מלחה,א35,12383,
10079,37318,20,285,33,31.761867,35.172510,ירושלים מלחה,א35,12383,
9372,37318,8,855,117,31.755372,35.203740,ירושלים מלחה,14,12834 12835 10179,
9628,37318,15,304,42,31.752974,35.201331,ירושלים מלחה,א18,12941 12940 10798,
9379,37318,19,304,42,31.754116,35.206603,ירושלים מלחה,א18,12941 12940 10798,
9295,37318,11,304,42,31.754418,35.197621,ירושלים מלחה,א18,12941 12940 10798,
10443,37318,17,1048,125,31.774648,35.186945,ירושלים מלחה,5,12439 12954 12955 10865,
8796,37320,21,983,108,31.785987,35.192353,ירושלים גן חיות,33,10235,
10569,37320,7,983,108,31.757936,35.184200,ירושלים גן חיות,33,10235,
11821,37320,6,983,108,31.756367,35.184386,ירושלים גן חיות,33,10235,
10614,37318,30,1043,126,31.811855,35.201130,ירושלים מלחה,31,12884 12885,
9680,37318,12,981,119,31.737274,35.197685,ירושלים מלחה,31,12886 12887 10402,
9585,37318,18,855,117,31.761426,35.209727,ירושלים מלחה,14,12834 12835 10179,
8725,37320,30,983,108,31.788329,35.170997,ירושלים גן חיות,33,10235,
11268,37318,23,285,33,31.767237,35.174272,ירושלים מלחה,א35,12383,
10275,37318,27,304,42,31.763332,35.214268,ירושלים מלחה,א18,12941 12940 10798,
9397,37318,16,855,117,31.763475,35.216439,ירושלים מלחה,14,12834 12835 10179,
9676,37318,12,981,119,31.736917,35.195966,ירושלים מלחה,31,12886 12887 10402,
11567,37320,23,983,108,31.786067,35.186810,ירושלים גן חיות,33,10235,
10177,37318,1,3640,438,31.750600,35.186895,ירושלים מלחה,14 31 33 א35,12383 12836 12837 12854 12884 12885 10180 10235 10236 10237 10401,
9824,37318,26,855,117,31.768845,35.208215,ירושלים מלחה,14,12834 12835 10179,
10200,37318,8,981,119,31.735416,35.200024,ירושלים מלחה,31,12886 12887 10402,
9592,37318,10,304,42,31.753553,35.195641,ירושלים מלחה,א18,12941 12940 10798,
9384,37318,15,1159,159,31.759130,35.213552,ירושלים מלחה,14 א18,12834 12835 12941 10179 12940 10798,
37260,37318,20,1404,137,31.784593,35.200624,ירושלים מלחה,161 164 165 167 169 261 266 א35,12383 6241 13313 13315 13316 13318 13730 13810 6222 6223 6251 6252 6253 6285 11423,
11719,37318,10,2410,369,31.761532,35.196755,ירושלים מלחה,5 6,12403 12439 12954 12955 10865,
9438,37318,17,855,117,31.763016,35.213783,ירושלים מלחה,14,12834 12835 10179,
11459,37320,20,983,108,31.783655,35.190674,ירושלים גן חיות,33,10235,
37834,37320,0,754,96,31.745492,35.177008,ירושלים גן חיות,33,12855 10238,
11270,37320,24,418,54,31.771163,35.181397,ירושלים גן חיות,א26,10202,
10440,37318,20,1048,125,31.769130,35.191395,ירושלים מלחה,5,12439 12954 12955 10865,
9871,37320,20,754,96,31.734599,35.181392,ירושלים גן חיות,33,12855 10238,
9615,37318,13,285,33,31.756193,35.180485,ירושלים מלחה,א35,12383,
10066,37318,17,981,119,31.728787,35.186760,ירושלים מלחה,31,12886 12887 10402,
9398,37318,14,855,117,31.761203,35.216655,ירושלים מלחה,14,12834 12835 10179,
9393,37318,10,981,119,31.733429,35.202553,ירושלים מלחה,31,12886 12887 10402,
9963,37320,21,754,96,31.737427,35.181634,ירושלים גן חיות,33,12855 10238,
9970,37318,21,981,119,31.736606,35.178336,ירושלים מלחה,31,12886 12887 10402,
10716,37318,28,1043,126,31.808251,35.203985,ירושלים מלחה,31,12884 12885,
9798,37320,16,754,96,31.735008,35.190612,ירושלים גן חיות,33,12855 10238,
9181,37318,29,3326,496,31.786340,35.203699,ירושלים מלחה,14 264 31 4 6,12400 12403 12834 12835 12884 12885 13775 10179 10401,
9882,37320,17,754,96,31.733251,35.187968,ירושלים גן חיות,33,12855 10238,
9399,37318,29,304,42,31.763619,35.216117,ירושלים מלחה,א18,12941 12940 10798,
9332,37318,7,304,42,31.755896,35.194196,ירושלים מלחה,א18,12941 12940 10798,
10039,37320,7,983,108,31.756711,35.186006,ירושלים גן חיות,33,10235,
8750,37318,1,4838,592,31.751344,35.188507,ירושלים מלחה,160 161 164 165 167 169 261 266 4 440 483 5 6 א18,12400 12403 12439 6241 12954 12955 13309 13311 13313 13315 13316 13318 13730 13810 12941 6176 6177 6178 6179 6181 6183 6184 6189 6193 6194 12940 6222 6223 6251 6252 6253 6285 14580 13310 10798 10865 6984 6985 6986 11423,
10068,37320,21,754,96,31.739305,35.181220,ירושלים גן חיות,33,12855 10238,
9394,37318,23,855,117,31.764154,35.207127,ירושלים מלחה,14,12834 12835 10179,
11838,37318,16,304,42,31.752015,35.202603,ירושלים מלחה,א18,12941 12940 10798,
34276,37320,11,418,54,31.761540,35.181963,ירושלים גן חיות,א26,10202,
9302,37318,19,285,33,31.761231,35.175220,ירושלים מלחה,א35,12383,
9911,37318,27,285,33,31.767427,35.182629,ירושלים מלחה,א35,12383,
9335,37318,12,2410,369,31.764464,35.194408,ירושלים מלחה,5 6,12403 12439 12954 12955 10865,
9803,37320,14,754,96,31.730484,35.192716,ירושלים גן חיות,33,12855 10238,
9336,37318,11,2410,369,31.763277,35.195550,ירושלים מלחה,5 6,12403 12439 12954 12955 10865,
10445,37318,13,1048,125,31.771466,35.188852,ירושלים מלחה,5,12439 12954 12955 10865,
9401,37318,22,855,117,31.766405,35.209153,ירושלים מלחה,14,12834 12835 10179,
9969,37318,21,981,119,31.739323,35.180682,ירושלים מלחה,31,12886 12887 10402,
10688,37318,9,981,119,31.733000,35.200381,ירושלים מלחה,31,12886 12887 10402,
9738,37320,15,983,108,31.777119,35.184961,ירושלים גן חיות,33,10235,
9825,37318,26,855,117,31.768152,35.206505,ירושלים מלחה,14,12834 12835 10179,
11906,37320,9,418,54,31.759346,35.181880,ירושלים גן חיות,א26,10202,
9405,37318,21,855,117,31.765626,35.210087,ירושלים מלחה,14,12834 12835 10179,
9740,37320,8,418,54,31.757533,35.181578,ירושלים גן חיות,א26,10202,
