stop_id,station_id,travel_time,weekday_trips,weekend_trips,latitude,longitude,station_name,line_numbers,route_ids,parent_stop
27292,39260,18,590,59,31.301041,34.622582,אופקים,2 3,16706 16707 16711,
26967,39260,10,240,33,31.307346,34.615809,אופקים,3,16706 16707,
27875,37290,8,715,98,31.587974,34.563933,שדרות,136 36 364 365 379 457 465 479 490 492,16631 16633 16774 16550 16551 1875 1877 16571 16984 6719 6720 6721 6734 10997 15419 6735,
27564,38643,6,460,41,31.418162,34.587881,נתיבות,325 5 51 52 53 54 55,16635 16638 16640 16642 16644 16553 16646,
28667,39260,5,68,1,31.314560,34.621452,אופקים,30,16539,
28794,37308,19,25,2,31.324649,34.868297,להבים רהט,40,238,
39422,39260,5,350,28,31.315993,34.619538,אופקים,1,16691,
27867,37290,10,175,22,31.479828,34.591679,שדרות,25 363 365 465,16585 16632 16545 1878,
27563,37290,18,112,18,31.418419,34.587867,שדרות,378,10296,
27704,39260,5,130,13,31.318106,34.606026,אופקים,130 134 135 34 35,16568 16570 16611 1806 1865 16879,
27645,37290,12,120,8,31.556886,34.631993,שדרות,22 240,16583 1915,
28627,37290,13,60,3,31.501904,34.562867,שדרות,29,1912,
29072,37308,10,75,9,31.367951,34.812114,להבים רהט,47,16542,
12802,37308,20,40,6,31.410930,34.747049,להבים רהט,41,239 240,
27837,37290,26,145,19,31.408091,34.611494,שדרות,363 365 465,16632 16545 1878,
27702,39260,4,95,10,31.321583,34.616482,אופקים,130 135 35,16570 1806 1865 16879,
27280,39260,6,240,33,31.316220,34.613531,אופקים,3,16706 16707,
27581,37290,5,597,57,31.524455,34.604409,שדרות,22 240 25 26 27 29 363 365 366 378 465,16583 16585 16593 16594 1915 16632 16545 1912 10296 16547 1878,
26941,37290,25,25,0,31.443460,34.711301,שדרות,457,16773,
27729,37290,24,25,0,31.445989,34.692839,שדרות,457,16773,
39723,37290,10,75,4,31.522340,34.607506,שדרות,10,16693,
39387,38643,29,60,3,31.391978,34.595760,נתיבות,54,16644,
39435,38643,23,60,3,31.447205,34.550959,נתיבות,55,16646,
28136,38643,4,240,33,31.419712,34.575311,נתיבות,2,16702,
12410,37290,3,270,28,31.526138,34.597248,שדרות,22 25 26 27 363,16585 16593 16594 1915 16545,
11933,37290,7,347,43,31.510728,34.594350,שדרות,25 29 363 365 378 465,16585 16632 16545 1912 10296 1878,
27847,39260,20,60,4,31.333044,34.660658,אופקים,32,16601,
27871,37290,1,547,65,31.509358,34.586102,שדרות,10 136 36 364 379 457 463 479 492 668,16572 16634 16738 16773 12797 12798 16985 16552 1893 16693 1876 1894 16728 15418 6732 6733 16090,
28473,37308,0,101,8,31.369231,34.798624,להבים רהט,38 41 52,241 242 16640 13442,
27572,37290,2,852,70,31.523900,34.595477,שדרות,22 240 25 26 27 29 363 365 366 378 4 463 465,16583 16585 16593 16594 1915 16632 16545 1912 10296 16739 16740 16547 1878 11819,
27238,38643,13,475,68,31.425582,34.592120,נתיבות,1 2,16559 16560 16702,
28782,37308,16,25,2,31.324904,34.863367,להבים רהט,40,238,
27800,37290,29,60,5,31.620624,34.768732,שדרות,240,16583,
39790,38643,8,240,33,31.418756,34.582544,נתיבות,2,16702,
26568,37290,20,35,2,31.497778,34.706037,שדרות,463,16738 16728,
29220,37290,0,517,115,31.518048,34.586041,שדרות,363 457 490 492 498,16773 12797 12798 13497 13672 13673 16545 14575 15418 6725 6726 6727 6732 6733 6756,
28864,38643,8,475,68,31.419331,34.586643,נתיבות,1 2,16559 16560 16702,
27733,38643,16,100,6,31.448356,34.649625,נתיבות,52 53,16640 16642,
11958,39260,4,663,60,31.318935,34.620177,אופקים,1 30 32 34 5,16691 16709 16539 16610 16600,
39528,37290,9,220,11,31.536258,34.587571,שדרות,3,11822,
28793,37308,18,25,2,31.325264,34.861963,להבים רהט,40,238,
35548,37290,15,308,68,31.428597,34.583572,שדרות,490 492,12797 12798 13497 13672 13673 15418 6725 6726 6727 6732 6733,
27286,39260,11,240,33,31.309610,34.620014,אופקים,3,16706 16707,
27838,37290,27,145,19,31.402267,34.612988,שדרות,363 365 465,16632 16545 1878,
27230,38643,9,475,68,31.424456,34.584194,נתיבות,1 2,16559 16560 16702,
39793,38643,3,240,36,31.416379,34.572724,נתיבות,4,16616,
39530,37290,7,85,4,31.521653,34.608065,שדרות,10 463,16738 16693,
27310,38643,30,60,3,31.458290,34.624596,נתיבות,51,16638,
39458,38643,29,60,3,31.389562,34.595861,נתיבות,54,16644,
28633,37290,18,35,2,31.498037,34.702180,שדרות,463,16738 16728,
27931,37290,15,25,6,31.427274,34.493190,שדרות,379,16985 1893 1894,
11975,37290,5,60,5,31.522017,34.598504,שדרות,240,16583,
27731,37290,16,45,2,31.494197,34.691568,שדרות,366 463,16738 16728 16547,
37213,39260,9,350,26,31.313459,34.625015,אופקים,2,16711,
28780,37308,14,25,2,31.325637,34.872573,להבים רהט,40,238,
12750,37290,18,145,19,31.424646,34.584598,שדרות,363 365 465,16632 16545 1878,
27607,37308,6,75,9,31.368389,34.804792,להבים רהט,47,16542,
27274,39260,18,760,83,31.299275,34.628673,אופקים,2 3 5,16706 16707 16709 16711,
27675,39260,18,50,8,31.313008,34.442543,אופקים,135 35,16570 1806 16879,
39467,38643,23,60,3,31.397337,34.593881,נתיבות,54,16644,
28639,37290,8,190,9,31.511208,34.595423,שדרות,26 27 29 463,16593 16594 16738 1912,
11956,37290,23,85,3,31.424583,34.600034,שדרות,365 465,16632 1878,
25693,37290,20,60,3,31.724006,34.635428,שדרות,465,16631,
39423,39260,7,350,28,31.311652,34.614906,אופקים,1,16691,
28469,37308,21,25,2,31.326824,34.876600,להבים רהט,40,238,
28124,38643,3,165,26,31.413904,34.578860,נתיבות,5,16635,
27614,37308,12,75,9,31.369627,34.822057,להבים רהט,47,16542,
11976,37290,3,35,2,31.524043,34.595809,שדרות,463,16739 16740,
27865,37290,0,548,64,31.517042,34.586301,שדרות,136 36 363 364 365 366 378 379 465 479 668,16572 16634 16985 16552 16632 1893 1876 1894 16545 10296 16547 1878 16090,
27932,37290,22,25,6,31.387510,34.459457,שדרות,379,16985 1893 1894,
39477,38643,9,240,36,31.417874,34.566629,נתיבות,4,16616,
28477,37290,6,70,3,31.511712,34.598645,שדרות,22 463,16738 1915,
27266,37290,6,220,11,31.527231,34.606022,שדרות,4,11819,
27571,37290,19,145,19,31.422688,34.582941,שדרות,363 365 465,16632 16545 1878,
28592,38643,9,440,43,31.423087,34.596181,נתיבות,326 5 51 52 54 55 56,16604 16635 16638 16640 16644 16646 16716,
27663,37290,6,407,46,31.515019,34.597700,שדרות,25 27 29 363 365 378 465,16585 16594 16632 16545 1912 10296 1878,
28588,38643,17,590,81,31.422992,34.593168,נתיבות,3 325 326 4 53 56,16604 16616 16642 16712 16553 16716,
28418,37308,19,40,6,31.406958,34.751237,להבים רהט,41,239 240,
26975,37290,8,60,3,31.560461,34.566012,שדרות,27,16595,
39441,38643,12,30,3,31.447231,34.606400,נתיבות,25,16584,
28145,38643,4,165,26,31.412888,34.581869,נתיבות,5,16635,
27857,37290,30,85,3,31.357719,34.632517,שדרות,365 465,16632 1878,
39362,39260,9,350,26,31.313929,34.624475,אופקים,2,16711,
27291,39260,17,760,83,31.300646,34.627646,אופקים,2 3 5,16706 16707 16709 16711,
26420,39260,22,60,4,31.328581,34.675386,אופקים,32,16601,
27610,37308,16,75,9,31.374007,34.812563,להבים רהט,47,16542,
39370,39260,23,35,3,31.325018,34.589531,אופקים,134 34,16568 16611,
39249,39260,10,520,50,31.307177,34.624161,אופקים,2 5,16709 16711,
39436,38643,24,60,3,31.448493,34.553155,נתיבות,55,16646,
37541,37290,23,245,9,31.664059,34.566661,שדרות,364 365,1875 1877,37419
27295,39260,15,590,59,31.303995,34.622518,אופקים,2 3,16706 16707 16711,
27803,37290,27,60,5,31.630973,34.746129,שדרות,240,16583,
27945,39260,4,478,33,31.320462,34.619915,אופקים,1 30 32,16691 16539 16600,
27659,37290,7,132,17,31.504708,34.564632,שדרות,136 29 36 379 479,16572 16634 16985 16552 1893 1894 1912,
37832,38643,15,35,0,31.416968,34.613689,נתיבות,15 325,16684 16553,
27580,37290,6,220,11,31.525262,34.604018,שדרות,4,11819,
27623,37308,29,95,11,31.260241,34.798264,להבים רהט,47 57,16542 16647,
39538,37290,11,220,11,31.534514,34.590519,שדרות,3,11822,
27836,37290,28,145,19,31.377901,34.617736,שדרות,363 365 465,16632 16545 1878,
28120,38643,6,165,26,31.415537,34.586113,נתיבות,5,16635,
27706,39260,14,198,14,31.316995,34.558968,אופקים,130 134 135 30 34 35,16568 16570 16611 1806 1865 16539 16879,
27869,37290,7,175,22,31.503939,34.589497,שדרות,25 363 365 465,16585 16632 16545 1878,
28150,37290,19,162,46,31.422285,34.579298,שדרות,490 492,12797 12798 13673 15418 6727 6732 6733,
37212,39260,10,350,26,31.311231,34.624997,אופקים,2,16711,
27726,37308,26,50,3,31.437482,34.680598,להבים רהט,52,16639,
27878,37290,23,60,5,31.645192,34.705824,שדרות,240,16583,
39363,39260,14,590,59,31.304406,34.625602,אופקים,2 3,16706 16707 16711,
26557,39260,11,139,11,31.331053,34.698255,אופקים,130 134 135 35,16567 16569 16871 1802 1863,
28402,37308,17,65,8,31.396544,34.755980,להבים רהט,40 41,239 240 237,
39361,39260,4,350,26,31.317414,34.628188,אופקים,2,16711,
27300,39260,9,240,33,31.307107,34.611868,אופקים,3,16706 16707,
27841,37290,13,447,90,31.430187,34.599877,שדרות,25 363 365 465 490 492,16585 12797 12798 13497 13672 13673 16632 16545 15418 6725 6726 6727 6732 1878,
27833,39260,23,139,11,31.246593,34.782389,אופקים,130 134 135 35,16567 16569 16871 1802 1863,
39546,38643,27,50,3,31.451185,34.677956,נתיבות,52,16640,
27716,37290,11,72,14,31.447269,34.513143,שדרות,136 36 379 479,16572 16634 16985 16552 1893 1894,
27262,37290,5,220,11,31.529096,34.606554,שדרות,4,11819,
27820,39260,22,139,11,31.250896,34.773608,אופקים,130 134 135 35,16567 16569 16871 1802 1863,
39773,38643,5,240,37,31.424626,34.574997,נתיבות,3,16712,
28792,37308,17,25,2,31.325189,34.859438,להבים רהט,40,238,
28479,37308,16,65,8,31.394417,34.758105,להבים רהט,40 41,239 240 237,
27656,37290,5,145,10,31.513952,34.596904,שדרות,240 26 463,16583 16593 16728,
27654,39260,10,199,15,31.336741,34.651698,אופקים,130 134 135 32 35,16567 16569 16871 16601 1802 1863,
27227,38643,10,165,26,31.423036,34.595031,נתיבות,5,16635,
27700,39260,6,139,11,31.328925,34.633962,אופקים,130 134 135 35,16567 16569 16871 1802 1863,
27281,39260,14,590,61,31.316057,34.613411,אופקים,1 4,16677 16691,
26430,37290,17,112,18,31.420364,34.589100,שדרות,378,10296,
39722,37290,7,220,11,31.535077,34.582148,שדרות,3,11822,
27228,37290,16,112,18,31.422930,34.595084,שדרות,378,10296,
12590,37310,3,36,3,31.066577,35.025562,דימונה,12,7355,
39414,39260,10,350,26,31.312021,34.625028,אופקים,2,16711,
27728,37308,18,50,3,31.446025,34.694126,להבים רהט,52,16639,
27737,37290,11,132,17,31.475779,34.535827,שדרות,136 29 36 379 479,16572 16634 16985 16552 1893 1894 1912,
27578,37290,2,541,64,31.522919,34.594738,שדרות,363 365 366 4 463 465 492,12797 12798 16632 16545 16739 16740 15418 16547 6732 6733 1878 11819,
27679,37290,18,72,14,31.389839,34.459384,שדרות,136 36 379 479,16572 16634 16985 16552 1893 1894,
37830,38643,13,35,0,31.413038,34.614569,נתיבות,15 325,16684 16553,
39766,38643,10,240,36,31.417157,34.569225,נתיבות,4,16616,
39428,37290,18,60,3,31.578561,34.658134,שדרות,22,1915,
29221,38643,11,235,35,31.428560,34.584640,נתיבות,1,16559 16560,
39426,39260,12,350,28,31.313601,34.611238,אופקים,1,16691,
39457,38643,28,60,3,31.389508,34.592841,נתיבות,54,16644,
27920,37290,12,275,14,31.646670,34.593684,שדרות,136 36 364 365,16551 1875 1877 16571,
39488,39260,21,240,33,31.299238,34.621423,אופקים,3,16706 16707,
39782,38643,7,240,37,31.425305,34.573623,נתיבות,3,16712,
28139,38643,11,240,37,31.420791,34.577559,נתיבות,3,16712,
39571,37290,19,30,3,31.479341,34.601500,שדרות,25,16585,
27565,38643,8,475,68,31.421066,34.584617,נתיבות,1 2,16559 16560 16702,
39555,37290,8,75,4,31.523600,34.611513,שדרות,10,16693,
27225,37290,21,213,36,31.426962,34.594503,שדרות,490 492,13497 13672 13673 6725 6726 6727 6733,
27770,39260,26,113,3,31.213058,34.532101,אופקים,130 30,1865 16539,
39433,38643,30,60,3,31.456326,34.625965,נתיבות,51,16638,
28481,37308,6,65,8,31.371292,34.783959,להבים רהט,40 41,239 240 237,
25560,37290,28,60,3,31.781198,34.665125,שדרות,465,16631,
28138,38643,5,240,33,31.421906,34.576062,נתיבות,2,16702,
27660,37290,7,317,40,31.507919,34.587597,שדרות,29 363 365 378 465,16632 16545 1912 10296 1878,
27884,37290,3,453,26,31.555719,34.580963,שדרות,136 27 36 364 365 379 465 479,16631 16633 16550 16551 16595 1875 1877 16571 16984,
27598,39260,7,75,7,31.304804,34.625193,אופקים,32 34,16610 16600,
28424,37308,15,65,8,31.393238,34.760387,להבים רהט,40 41,239 240 237,
27606,37308,6,75,9,31.367937,34.807253,להבים רהט,47,16542,
35401,37308,12,65,8,31.392407,34.775897,להבים רהט,40 41,239 240 237,
26536,38643,12,235,35,31.425387,34.589378,נתיבות,1,16559 16560,
39358,39260,5,240,33,31.319592,34.614660,אופקים,3,16706 16707,
27680,39260,13,163,11,31.317267,34.530338,אופקים,130 135 30 35,16570 1806 1865 16539 16879,
27901,37308,10,70,5,31.422544,34.784146,להבים רהט,52 57,16648 16639,
28130,38643,5,165,26,31.413898,34.583462,נתיבות,5,16635,
39133,37308,13,50,3,31.441802,34.765120,להבים רהט,52,16639,
25939,37290,17,245,9,31.661374,34.584537,שדרות,364 365,1875 1877,
27617,37308,12,75,9,31.368255,34.819394,להבים רהט,47,16542,
39379,39260,16,35,3,31.338800,34.598785,אופקים,134 34,16568 16611,
27220,38643,17,855,119,31.423634,34.597467,נתיבות,1 25 3 325 326 4 53 56,16559 16560 16584 16604 16616 16642 16712 16553 16716,
27696,37308,17,50,3,31.442994,34.712846,להבים רהט,52,16639,
39776,38643,2,480,73,31.416504,34.574215,נתיבות,3 4,16616 16712,
28141,38643,2,400,61,31.414316,34.577526,נתיבות,1 5,16559 16560 16635,
39380,39260,18,35,3,31.334424,34.600030,אופקים,134 34,16568 16611,
26419,39260,22,60,4,31.325390,34.675289,אופקים,32,16601,
39787,38643,7,240,33,31.420104,34.579584,נתיבות,2,16702,
28836,38643,20,1120,167,31.418436,34.596223,נתיבות,1 2 3 4 5,16559 16560 16616 16635 16702 16712,
28228,37308,26,25,2,31.292755,34.922521,להבים רהט,40,238,
39774,38643,8,240,37,31.424389,34.575579,נתיבות,3,16712,
27795,37290,12,275,14,31.653117,34.598282,שדרות,136 36 364 365,16551 1875 1877 16571,
27229,37290,19,60,16,31.425225,34.585324,שדרות,363,16545,
27046,38643,25,50,3,31.468798,34.640424,נתיבות,53,16642,
27040,39260,16,113,3,31.309952,34.534749,אופקים,130 30,1865 16539,
27630,37290,10,45,2,31.511296,34.647687,שדרות,366 463,16738 16728 16547,
28225,37308,29,25,2,31.297587,34.933215,להבים רהט,40,238,
27566,37290,20,145,19,31.421280,34.584612,שדרות,363 365 465,16632 16545 1878,
39585,38643,17,45,5,31.372707,34.634279,נתיבות,326 56,16604 16716,
26416,39260,25,60,4,31.323322,34.684405,אופקים,32,16601,
25868,37310,5,36,3,31.067881,35.032356,דימונה,12,7355,
27749,38643,16,50,3,31.446446,34.654165,נתיבות,52,16640,
27649,37308,25,95,11,31.272046,34.798070,להבים רהט,47 57,16542 16647,
39788,38643,8,240,33,31.419360,34.580771,נתיבות,2,16702,
27249,37290,4,220,11,31.527177,34.602604,שדרות,4,11819,
12405,39260,7,538,62,31.312608,34.621525,אופקים,30 32 4 5,16677 16709 16539 16600,
27850,39260,9,139,11,31.331998,34.674321,אופקים,130 134 135 35,16567 16569 16871 1802 1863,
27684,39260,15,113,3,31.308485,34.530245,אופקים,130 30,1865 16539,
27744,37290,20,60,5,31.612857,34.702996,שדרות,240,16583,
28270,37308,9,225,24,31.372458,34.795356,להבים רהט,37 40 41 47 52 57,16542 16614 239 240 16648 237 16639,
28831,37290,20,180,11,31.569909,34.654492,שדרות,22 240 26,16583 16593 1915,
28783,37308,17,25,2,31.325256,34.859570,להבים רהט,40,238,
28841,37290,20,145,19,31.419879,34.586280,שדרות,363 365 465,16632 16545 1878,
28065,37290,19,25,0,31.637839,34.551997,שדרות,457,16774,
28598,37290,0,222,27,31.516705,34.587004,שדרות,365 378 463 465,16631 16738 12639 1877 16728 10295,
39533,37290,5,220,11,31.528751,34.587640,שדרות,3,11822,
27839,38643,11,160,11,31.417334,34.606634,נתיבות,325 326 52 53 56,16604 16640 16642 16553 16716,
26434,38643,17,240,33,31.427267,34.599376,נתיבות,2,16702,
38674,38643,0,3270,378,31.410855,34.572275,נתיבות,1 15 2 25 3 325 326 4 5 51 52 53 54 55 56,16643 16554 16559 16560 16562 16584 16585 16604 16605 16616 16617 16635 16636 16637 16638 16640 16641 16642 16644 16645 16684 16702 16703 16712 16713 16717 16553 16685 16646 16561 16716 16639,
28149,38643,8,480,70,31.422574,34.579390,נתיבות,2 3,16702 16712,
27299,39260,12,240,33,31.307457,34.611776,אופקים,4,16677,
39443,38643,14,60,3,31.446924,34.576201,נתיבות,55,16646,
39587,38643,21,45,5,31.369104,34.634586,נתיבות,326 56,16604 16716,
27334,37308,15,75,9,31.371706,34.814276,להבים רהט,47,16542,
27028,38643,16,45,5,31.378581,34.630307,נתיבות,326 56,16604 16716,
12406,39260,8,323,37,31.315372,34.621357,אופקים,30 34 4,16677 16539 16610,
39785,38643,6,240,36,31.415083,34.570473,נתיבות,4,16616,
39415,39260,10,350,26,31.309098,34.624142,אופקים,2,16711,
39586,38643,19,45,5,31.370988,34.631634,נתיבות,326 56,16604 16716,
27768,39260,27,113,3,31.208712,34.534519,אופקים,130 30,1865 16539,
27296,39260,19,590,59,31.300856,34.625723,אופקים,2 3,16706 16707 16711,
39563,37290,1,460,36,31.520961,34.593310,שדרות,22 25 26 27 29 363 365 366 463 465,16585 16593 16594 1915 16632 16545 1912 16739 16740 16547 1878,
12743,37310,0,36,3,31.069435,35.011956,דימונה,12,7355,
28620,37290,23,60,3,31.556050,34.642565,שדרות,26,16593,
27825,39260,19,139,11,31.257609,34.758453,אופקים,130 134 135 35,16567 16569 16871 1802 1863,
26737,37308,21,36,2,31.308121,34.901231,להבים רהט,38 40,13441 238,
28600,39260,10,308,34,31.306448,34.614712,אופקים,30 4,16677 16539,
29008,37290,4,220,11,31.528317,34.590856,שדרות,3,11822,
28133,38643,7,480,70,31.423540,34.577781,נתיבות,2 3,16702 16712,
39468,38643,12,60,3,31.425936,34.604773,נתיבות,51,16638,
39541,37290,11,30,3,31.506477,34.599458,שדרות,25,16585,
39373,39260,12,60,4,31.331386,34.650663,אופקים,32,16601,
27522,37290,30,60,5,31.618349,34.768052,שדרות,240,16583,
39378,39260,8,35,3,31.324789,34.609783,אופקים,134 34,16568 16611,
28268,37308,15,65,8,31.393228,34.763003,להבים רהט,40 41,239 240 237,
27826,39260,17,139,11,31.266390,34.743320,אופקים,130 134 135 35,16567 16569 16871 1802 1863,
27712,39260,8,163,11,31.316627,34.596780,אופקים,130 135 30 35,16570 1806 1865 16539 16879,
39495,39260,18,240,33,31.301844,34.618128,אופקים,3,16706 16707,
28659,38643,12,715,108,31.416916,34.581932,נתיבות,1 3 4,16559 16560 16616 16712,
27332,37308,14,75,9,31.370575,34.816931,להבים רהט,47,16542,
27690,37308,15,50,3,31.442270,34.735709,להבים רהט,52,16639,
28422,37308,18,40,6,31.403070,34.754817,להבים רהט,41,239 240,
27859,37290,10,470,62,31.425716,34.601436,שדרות,364 378 457 498 668,16773 1876 10296 14575 6756 16090,
27590,39260,12,760,83,31.305448,34.627984,אופקים,2 3 5,16706 16707 16709 16711,
26968,39260,11,520,50,31.306493,34.627051,אופקים,2 5,16709 16711,
28135,37290,19,162,46,31.422192,34.576361,שדרות,490 492,12797 12798 13673 15418 6727 6732 6733,
28625,37290,0,60,3,31.517492,34.585152,שדרות,27,16594,
27665,37290,10,180,11,31.531538,34.611431,שדרות,22 240 26,16583 16593 1915,
39506,38643,28,50,3,31.469166,34.648105,נתיבות,53,16642,
26414,39260,28,60,4,31.323248,34.682853,אופקים,32,16601,
39650,39260,6,590,59,31.318386,34.622017,אופקים,2 4,16677 16711,
27254,37290,7,220,11,31.522619,34.601348,שדרות,4,11819,
27671,39260,19,50,8,31.301863,34.435490,אופקים,135 35,16570 1806 16879,
39642,39260,4,240,33,31.321040,34.619066,אופקים,3,16706 16707,
27860,38643,10,90,6,31.429152,34.599701,נתיבות,25 55,16584 16646,
12005,37290,20,25,0,31.639619,34.549984,שדרות,457,16774,
39534,37290,6,220,11,31.531503,34.583475,שדרות,3,11822,
28434,37308,14,40,6,31.393012,34.766691,להבים רהט,41,239 240,
39392,38643,18,60,3,31.423009,34.606719,נתיבות,51,16638,
26544,37290,18,260,29,31.358750,34.631576,שדרות,363 364,1876 16545,
26441,38643,14,475,68,31.427136,34.593492,נתיבות,1 2,16559 16560 16702,
27858,38643,13,60,3,31.443799,34.574899,נתיבות,55,16646,
28779,37308,13,25,2,31.326852,34.876856,להבים רהט,40,238,
26427,39260,6,75,7,31.305658,34.622821,אופקים,32 34,16610 16600,
27739,37290,14,132,17,31.474314,34.533801,שדרות,136 29 36 379 479,16572 16634 16985 16552 1893 1894 1912,
39217,39260,0,1300,137,31.321655,34.632906,אופקים,1 2 3 30 4 5,16676 16704 16705 16708 16538 16690 16710,
39527,37290,9,220,11,31.534760,34.586294,שדרות,3,11822,
27258,37290,4,220,11,31.527891,34.604899,שדרות,4,11819,
27641,37290,23,60,3,31.595267,34.647348,שדרות,22,1915,
27583,37290,4,817,68,31.526767,34.601110,שדרות,22 240 25 26 27 29 363 365 366 378 4 465,16583 16585 16593 16594 1915 16632 16545 1912 10296 16547 1878 11819,
27655,37290,10,25,0,31.417414,34.611212,שדרות,457,16773,
39772,38643,13,480,73,31.418993,34.576854,נתיבות,3 4,16616 16712,
37039,37290,0,1655,92,31.516159,34.587368,שדרות,10 22 240 25 26 27 29 3 4 463,16582 16583 16584 16585 16593 16594 16692 1916 1915 16592 11820 16595 16693 1910 1912 16739 16740 11821 11819 11822,
27745,37290,15,132,17,31.470434,34.529206,שדרות,136 29 36 379 479,16572 16634 16985 16552 1893 1894 1912,
39344,39260,15,60,4,31.328307,34.651917,אופקים,32,16601,
27247,37290,2,220,11,31.522420,34.591754,שדרות,3,11822,
28701,37290,24,70,13,31.357522,34.446182,שדרות,136 36 379,16572 16985 16552 1893 1894,
27848,39260,12,199,15,31.331709,34.665958,אופקים,130 134 135 32 35,16567 16569 16871 16601 1802 1863,
12742,37310,0,36,3,31.069351,35.011918,דימונה,12,7356,
27232,37290,17,112,18,31.421265,34.590185,שדרות,378,10296,
26412,39260,30,60,4,31.323821,34.675851,אופקים,32,16601,
28589,38643,14,735,107,31.420002,34.588301,נתיבות,25 3 325 326 4 5 56,16584 16604 16616 16635 16712 16553 16716,
27834,39260,14,139,11,31.297362,34.712921,אופקים,130 134 135 35,16567 16569 16871 1802 1863,
27246,37290,1,220,11,31.520835,34.592656,שדרות,3,11822,
35549,38643,10,235,35,31.428591,34.583419,נתיבות,1,16559 16560,
27308,38643,24,50,3,31.478964,34.636479,נתיבות,53,16642,
39767,38643,3,240,33,31.417336,34.575472,נתיבות,2,16702,
25938,37290,19,245,9,31.661190,34.577653,שדרות,364 365,1875 1877,
39545,38643,26,50,3,31.447608,34.678560,נתיבות,52,16640,
26584,37290,28,35,2,31.442748,34.733854,שדרות,463,16738 16728,
39216,39260,3,995,108,31.321398,34.623059,אופקים,1 135 3 32 34 35 5,16569 16706 16707 16570 16601 16611 16691 1802 16709 16610 16600,
39491,39260,20,240,33,31.298628,34.619958,אופקים,3,16706 16707,
39369,39260,7,60,4,31.333052,34.632819,אופקים,32,16601,
39367,38643,21,50,3,31.477676,34.629723,נתיבות,53,16642,
39537,37290,11,220,11,31.533877,34.588220,שדרות,3,11822,
27283,39260,13,240,33,31.312181,34.612112,אופקים,4,16677,
37217,39260,7,590,59,31.316245,34.622312,אופקים,2 4,16677 16711,
27579,37290,2,117,37,31.522876,34.594946,שדרות,492,6734 10997 15419 6735,
39784,38643,5,240,36,31.413888,34.570056,נתיבות,4,16616,
27699,39260,7,199,15,31.332705,34.642177,אופקים,130 134 135 32 35,16567 16569 16871 16601 1802 1863,
28153,38643,18,1180,170,31.422039,34.600158,נתיבות,1 2 3 4 5 54,16559 16560 16616 16635 16644 16702 16712,
28468,37308,0,371,39,31.369320,34.798609,להבים רהט,37 38 40 41 47 52 57,16542 16614 16615 239 240 16647 16648 16543 13441 238 237 16639,
26433,37290,15,112,18,31.423212,34.596794,שדרות,378,10296,
39481,39260,8,240,33,31.315636,34.624151,אופקים,4,16677,
27222,37290,15,60,16,31.423973,34.597040,שדרות,363,16545,
27636,37290,23,120,8,31.571684,34.664034,שדרות,240 26,16583 16593,
28223,37308,27,25,2,31.293563,34.925299,להבים רהט,40,238,
26952,37290,8,220,11,31.521890,34.598529,שדרות,4,11819,
26413,39260,29,60,4,31.323762,34.680468,אופקים,32,16601,
39547,37290,22,30,3,31.480181,34.594497,שדרות,25,16585,
27813,37290,29,200,13,31.254414,34.761429,שדרות,364,1876,
9056,39260,24,139,11,31.245344,34.788481,אופקים,130 134 135 35,16567 16569 16871 1802 1863,
39412,39260,9,240,33,31.306687,34.615269,אופקים,3,16706 16707,
27297,39260,9,590,61,31.309340,34.612021,אופקים,1 3,16706 16707 16691,
27251,37290,3,220,11,31.526818,34.593607,שדרות,3,11822,
39393,38643,20,60,3,31.418714,34.611058,נתיבות,51,16638,
27827,39260,18,139,11,31.262809,34.749221,אופקים,130 134 135 35,16567 16569 16871 1802 1863,
27861,38643,11,60,3,31.431951,34.594514,נתיבות,55,16646,
39442,38643,13,30,3,31.446044,34.608494,נתיבות,25,16584,
39779,38643,1,1510,190,31.413367,34.575489,נתיבות,1 15 2 25 3 325 326 4 5 51 52 53 54 55 56,16559 16560 16584 16604 16616 16635 16638 16640 16642 16644 16684 16702 16712 16553 16646 16716,
39444,38643,15,60,3,31.449442,34.579112,נתיבות,55,16646,
27587,39260,9,410,57,31.309326,34.621763,אופקים,3 5,16706 16707 16709,
39484,39260,9,410,57,31.309040,34.623067,אופקים,3 5,16706 16707 16709,
39492,39260,19,240,33,31.299397,34.618011,אופקים,3,16706 16707,
26440,37290,21,308,68,31.427754,34.590803,שדרות,490 492,12797 12798 13497 13672 13673 15418 6725 6726 6727 6732 6733,
29178,37308,8,80,10,31.379638,34.781289,להבים רהט,37 40 41,16614 239 240 237,
27823,39260,20,139,11,31.253386,34.765468,אופקים,130 134 135 35,16567 16569 16871 1802 1863,
28781,37308,15,25,2,31.325158,34.869967,להבים רהט,40,238,
28440,37308,13,40,6,31.393315,34.770860,להבים רהט,41,239 240,
27352,37290,28,25,0,31.662438,34.562140,שדרות,457,16774,
16147,37290,26,58,6,31.783632,34.672220,שדרות,379 479,16633 16550 16984,
27287,39260,10,240,33,31.308901,34.616685,אופקים,3,16706 16707,
27575,37290,3,547,40,31.526215,34.597453,שדרות,240 29 365 366 378 4 465,16583 16632 1912 10296 16547 1878 11819,
26963,39260,5,590,59,31.318133,34.624248,אופקים,2 4,16677 16711,
28467,37308,4,170,17,31.373748,34.807323,להבים רהט,37 40 41 52 57,16614 239 240 16647 16648 237 16639,
39365,39260,6,350,28,31.313792,34.618184,אופקים,1,16691,
27792,37290,17,821,131,31.658178,34.601913,שדרות,136 36 364 365 379 465 479 490 492 498 668,16631 16633 16550 13674 16551 1875 1877 16571 16984 6719 6720 6721 6734 6754 10997 15419 6735 16089,
39539,38643,22,50,3,31.476332,34.629781,נתיבות,53,16642,
27870,37290,0,871,134,31.516421,34.586170,שדרות,10 136 36 364 379 457 463 479 490 492 498 668,16633 16692 16774 16550 13674 16551 1875 16571 16739 16740 16984 6719 6720 6721 6734 6754 10997 15419 6735 16089,
27727,37290,23,25,0,31.436743,34.679621,שדרות,457,16773,
28956,37290,2,35,2,31.513227,34.596494,שדרות,463,16738 16728,
27219,38643,10,165,26,31.424293,34.598968,נתיבות,5,16635,
28629,37290,22,60,3,31.482710,34.534213,שדרות,29,1912,
39483,39260,13,240,33,31.308113,34.627183,אופקים,3,16706 16707,
27616,37308,11,75,9,31.367508,34.816985,להבים רהט,47,16542,
27710,39260,9,163,11,31.315928,34.592204,אופקים,130 135 30 35,16570 1806 1865 16539 16879,
28146,38643,23,37,0,31.411020,34.584043,נתיבות,1,16560,
39978,37308,23,50,3,31.442193,34.695318,להבים רהט,52,16639,
27279,39260,6,240,33,31.316935,34.614582,אופקים,3,16706 16707,
28955,37290,6,60,16,31.513111,34.596705,שדרות,363,16545,
25697,37290,24,216,17,31.674518,34.608998,שדרות,136 22 36 379 465 479 668,16631 16633 1915 16550 16551 16571 16984 16089,
27667,39260,14,50,8,31.309530,34.492468,אופקים,135 35,16570 1806 16879,
27895,38643,18,60,3,31.449076,34.561219,נתיבות,55,16646,
39496,39260,17,240,33,31.301994,34.620357,אופקים,3,16706 16707,
27709,39260,7,129,11,31.335353,34.648297,אופקים,130 35,16871 1802 1863,
28863,38643,12,955,141,31.418231,34.586005,נתיבות,1 2 3 4,16559 16560 16616 16702 16712,
39532,37290,6,85,4,31.522509,34.606443,שדרות,10 463,16738 16693,
12040,37290,17,60,3,31.557927,34.600475,שדרות,26,16593,
26964,39260,15,627,61,31.316097,34.611344,אופקים,1 3 4,16677 16707 16691,
37215,39260,8,350,26,31.315047,34.623160,אופקים,2,16711,
28129,38643,11,715,108,31.416192,34.579714,נתיבות,1 3 4,16559 16560 16616 16712,
39768,38643,6,240,37,31.422791,34.572935,נתיבות,3,16712,
39765,38643,7,240,36,31.416788,34.570109,נתיבות,4,16616,
28126,38643,3,240,33,31.415569,34.576218,נתיבות,2,16702,
27221,38643,18,240,33,31.424502,34.600082,נתיבות,2,16702,
39455,38643,16,60,3,31.401674,34.602160,נתיבות,54,16644,
27298,39260,13,240,33,31.309209,34.611909,אופקים,4,16677,
27734,37290,21,25,0,31.437875,34.666568,שדרות,457,16773,
27741,37290,20,60,5,31.618594,34.700574,שדרות,240,16583,
27631,37290,25,60,3,31.616870,34.658983,שדרות,22,1915,
39792,38643,8,480,73,31.419087,34.573794,נתיבות,3 4,16616 16712,
27633,37290,27,60,3,31.634063,34.663098,שדרות,22,1915,
29249,39260,4,663,60,31.317098,34.620906,אופקים,1 30 32 34 5,16691 16709 16539 16610 16600,
27236,37290,18,60,16,31.426642,34.587053,שדרות,363,16545,
27619,37308,10,75,9,31.367128,34.813570,להבים רהט,47,16542,
27039,39260,18,68,1,31.308235,34.531185,אופקים,30,16539,
39462,38643,25,60,3,31.394207,34.600071,נתיבות,54,16644,
27252,37290,3,220,11,31.524482,34.593224,שדרות,3,11822,
28881,39260,7,553,65,31.310184,34.621154,אופקים,30 32 34 4 5,16677 16709 16539 16610 16600,
39536,37290,8,220,11,31.534749,34.584398,שדרות,3,11822,
27886,38643,14,30,3,31.448972,34.600676,נתיבות,25,16584,
27031,37290,2,60,3,31.518742,34.580212,שדרות,27,16595,
27752,37290,21,60,5,31.625128,34.698889,שדרות,240,16583,
28631,37290,25,60,3,31.470073,34.534428,שדרות,29,1912,
28835,38643,21,1120,167,31.416475,34.590522,נתיבות,1 2 3 4 5,16559 16560 16616 16635 16702 16712,
27260,37290,7,220,11,31.523520,34.602389,שדרות,4,11819,
27301,39260,18,760,83,31.299099,34.631898,אופקים,2 3 5,16706 16707 16709 16711,
27890,37290,8,72,14,31.465873,34.533678,שדרות,136 36 379 479,16572 16634 16985 16552 1893 1894,
26989,37308,9,75,9,31.371031,34.809464,להבים רהט,47,16542,
27661,37290,2,170,11,31.510243,34.593061,שדרות,10 240 463,16583 16738 16693 16728,
27830,39260,23,139,11,31.247216,34.778837,אופקים,130 134 135 35,16567 16569 16871 1802 1863,
27944,39260,21,50,8,31.302478,34.432251,אופקים,135 35,16570 1806 16879,
28067,37290,18,25,0,31.635195,34.554977,שדרות,457,16774,
39465,38643,21,60,3,31.394204,34.589113,נתיבות,54,16644,
27567,37290,20,142,21,31.419502,34.588024,שדרות,25 378,16585 10296,
27736,38643,19,110,6,31.441937,34.637791,נתיבות,51 52,16638 16640,
28634,37290,12,35,2,31.505501,34.646446,שדרות,463,16738 16728,
39584,38643,15,45,5,31.378295,34.621151,נתיבות,326 56,16604 16716,
39499,39260,9,170,24,31.303146,34.628253,אופקים,5,16709,
25698,37290,16,30,5,31.665272,34.606540,שדרות,136 36,16551 16571,
39476,38643,8,240,36,31.417594,34.566967,נתיבות,4,16616,
11954,39260,27,45,2,31.201945,34.535787,אופקים,130,1865,
27677,37290,21,72,14,31.381332,34.447416,שדרות,136 36 379 479,16572 16634 16985 16552 1893 1894,
27603,37308,16,75,9,31.374573,34.809245,להבים רהט,47,16542,
39582,38643,23,45,5,31.371267,34.643180,נתיבות,326 56,16604 16716,
27666,37290,8,165,10,31.529164,34.609954,שדרות,22 240 366 463,16583 16738 1915 16728 16547,
39469,38643,14,60,3,31.429473,34.609402,נתיבות,51,16638,
27611,37308,13,75,9,31.370709,34.821293,להבים רהט,47,16542,
39371,39260,21,35,3,31.326422,34.587287,אופקים,134 34,16568 16611,
28693,37290,17,60,16,31.425545,34.592224,שדרות,363,16545,
39425,39260,10,350,28,31.310809,34.609160,אופקים,1,16691,
27331,37308,14,75,9,31.371274,34.819286,להבים רהט,47,16542,
27643,37290,23,60,5,31.645255,34.699412,שדרות,240,16583,
28451,37308,12,65,8,31.393062,34.774254,להבים רהט,40 41,239 240 237,
39570,37290,21,30,3,31.481833,34.596691,שדרות,25,16585,
39438,38643,25,60,3,31.446782,34.552979,נתיבות,55,16646,
27791,37290,9,360,17,31.618697,34.579765,שדרות,136 36 364 365 457 465,16631 16774 16551 1875 1877 16571,
27237,38643,11,235,35,31.426871,34.587206,נתיבות,1,16559 16560,
37831,38643,13,35,0,31.413528,34.613077,נתיבות,15 325,16684 16553,
26439,37290,21,308,68,31.426407,34.592503,שדרות,490 492,12797 12798 13497 13672 13673 15418 6725 6726 6727 6732 6733,
39218,39260,0,1822,180,31.321903,34.633271,אופקים,1 130 134 135 2 3 30 32 34 35 4 5,16567 16568 16569 16677 16706 16707 16871 16570 16601 16611 16691 1802 1806 1863 1865 16709 16711 16539 16879 16610 16600,
39447,38643,19,60,3,31.454128,34.552443,נתיבות,55,16646,
26437,38643,15,240,33,31.427344,34.595970,נתיבות,2,16702,
26988,37308,8,75,9,31.370740,34.806247,להבים רהט,47,16542,
39424,39260,9,350,28,31.308767,34.611350,אופקים,1,16691,
27808,37290,27,60,5,31.626507,34.756923,שדרות,240,16583,
39565,39260,11,350,28,31.312275,34.608767,אופקים,1,16691,
26435,37290,22,308,68,31.428102,34.598173,שדרות,490 492,12797 12798 13497 13672 13673 15418 6725 6726 6727 6732 6733,
39445,38643,21,60,3,31.449111,34.544354,נתיבות,55,16646,
39440,38643,13,30,3,31.446705,34.607111,נתיבות,25,16584,
27638,37290,19,180,11,31.568282,34.642894,שדרות,22 240 26,16583 16593 1915,
27570,38643,9,475,68,31.422726,34.582631,נתיבות,1 2,16559 16560 16702,
39383,37290,12,25,0,31.412828,34.614152,שדרות,457,16773,
27682,39260,12,50,8,31.316187,34.524636,אופקים,135 35,16570 1806 16879,
27896,37290,8,335,17,31.603134,34.572036,שדרות,136 36 364 365 465,16631 16551 1875 1877 16571,
27692,37290,29,70,2,31.442557,34.762486,שדרות,366 457 463,16738 16773 16728 16547,
27888,37290,14,175,22,31.448946,34.600995,שדרות,25 363 365 465,16585 16632 16545 1878,
27608,37308,7,75,9,31.369777,34.803865,להבים רהט,47,16542,
27718,37290,13,72,14,31.429543,34.497127,שדרות,136 36 379 479,16572 16634 16985 16552 1893 1894,
27806,37290,25,60,5,31.645240,34.730405,שדרות,240,16583,
27476,37290,17,25,0,31.634529,34.556434,שדרות,457,16774,
28438,37308,14,65,8,31.392932,34.768835,להבים רהט,40 41,239 240 237,
39478,38643,9,240,36,31.418528,34.565488,נתיבות,4,16616,
27459,37290,23,25,0,31.647034,34.557864,שדרות,457,16774,
39215,39260,1,1822,180,31.321442,34.629455,אופקים,1 130 134 135 2 3 30 32 34 35 4 5,16567 16568 16569 16677 16706 16707 16871 16570 16601 16611 16691 1802 1806 1863 1865 16709 16711 16539 16879 16610 16600,
39466,38643,20,60,3,31.396576,34.590643,נתיבות,54,16644,
39769,38643,18,1453,190,31.416847,34.589041,נתיבות,1 2 25 3 325 326 4 5 51 52 53 54 55 56,16559 16584 16604 16616 16635 16638 16640 16642 16644 16702 16712 16553 16646 16716,
27751,37290,22,60,5,31.633739,34.696762,שדרות,240,16583,
28837,38643,20,1120,167,31.419230,34.598353,נתיבות,1 2 3 4 5,16559 16560 16616 16635 16702 16712,
28795,37308,20,25,2,31.325643,34.871356,להבים רהט,40,238,
28626,37290,20,60,3,31.556364,34.631029,שדרות,26,16593,
25689,37290,24,58,6,31.760786,34.666928,שדרות,379 479,16633 16550 16984,
27697,37290,27,25,0,31.441994,34.732660,שדרות,457,16773,
27676,37290,28,72,14,31.316077,34.439928,שדרות,136 36 379 479,16572 16634 16985 16552 1893 1894,
26960,39260,15,45,2,31.304643,34.524134,אופקים,130,1865,
39377,39260,10,35,3,31.327143,34.613177,אופקים,134 34,16568 16611,
28619,37290,26,60,3,31.558049,34.646866,שדרות,26,16593,
39551,37290,10,220,11,31.535581,34.588542,שדרות,3,11822,
27284,39260,7,240,33,31.312192,34.612217,אופקים,3,16706 16707,
27597,39260,21,760,83,31.303098,34.629797,אופקים,2 3 5,16706 16707 16709 16711,
27887,38643,16,30,3,31.478716,34.591628,נתיבות,25,16584,
39386,38643,15,60,3,31.404956,34.603274,נתיבות,54,16644,
27466,37290,26,25,0,31.654631,34.555883,שדרות,457,16774,
27626,37290,28,120,8,31.578779,34.681499,שדרות,240 26,16583 16593,
26415,39260,27,60,4,31.323289,34.686326,אופקים,32,16601,
26954,37290,3,60,5,31.518036,34.598566,שדרות,240,16583,
27609,37308,5,75,9,31.367196,34.811433,להבים רהט,47,16542,
39554,37290,9,85,4,31.526238,34.610577,שדרות,10 463,16738 16693,
28767,37308,30,25,2,31.299743,34.935812,להבים רהט,40,238,
39535,37290,6,220,11,31.533242,34.583321,שדרות,3,11822,
28407,37308,17,40,6,31.399409,34.755833,להבים רהט,41,239 240,
39569,37290,12,220,11,31.534495,34.592527,שדרות,3,11822,
39780,38643,12,240,33,31.423850,34.586446,נתיבות,2,16702,
39464,38643,17,60,3,31.397287,34.599839,נתיבות,54,16644,
28993,37290,11,220,11,31.518172,34.598922,שדרות,4,11819,
27595,39260,8,383,41,31.307741,34.620138,אופקים,30 32 34 4,16677 16539 16610 16600,
39470,37290,16,60,3,31.576728,34.658430,שדרות,22,1915,
27822,39260,21,139,11,31.252417,34.769507,אופקים,130 134 135 35,16567 16569 16871 1802 1863,
