stop_id,station_id,travel_time,weekday_trips,weekend_trips,latitude,longitude,station_name,line_numbers,route_ids,parent_stop
13031,37358,13,1359,141,32.076407,34.768211,תל אביב מרכז,10,2299,
13835,37358,7,607,44,32.075584,34.809398,תל אביב מרכז,45,2467,
106,37292,30,36,0,31.937835,34.839130,תל אביב ההגנה,159,13814 13815,
13873,37358,17,1774,200,32.063530,34.832247,תל אביב מרכז,61,2512 2513 2514,
14116,37350,28,859,39,32.137238,34.797790,השלום,71,9844 9845,
359,37350,28,78,0,32.326175,34.863337,השלום,650,718,
38726,37350,18,560,0,31.952284,34.955616,השלום,131,15906,
13439,37350,11,1201,80,32.046891,34.785506,השלום,7,2276 2277,
13412,37358,28,336,28,32.041685,34.765610,תל אביב מרכז,11,2309,
36893,37358,4,266,48,32.054875,34.780120,תל אביב מרכז,836,13345,14593
29424,37360,12,2040,214,32.125763,34.825760,תא אוניברסיטה,220 247 47 48 49 521 570,7699 5260 5261 10262 2482 5213 7701 7702 7703 7721,
13191,37358,14,1952,143,32.092032,34.847151,תל אביב מרכז,350 68 69 70,993 994 989 2544 2545 2954,
13132,37292,4,1170,209,32.049334,34.799321,תל אביב ההגנה,16,2324,
13640,37350,5,1086,37,32.064669,34.799124,השלום,23 279 91,2358 11678 16353,
29488,37292,12,36,23,32.075101,34.781570,תל אביב ההגנה,174,13553 13552 3331,
39961,37292,4,48,0,32.063454,34.784704,תל אביב ההגנה,141,2714,
21475,37292,13,785,31,32.024562,34.802249,תל אביב ההגנה,274 275,5156 3388 3389 3390 3392 3393 3394 3395 3396,
195,37350,30,36,0,32.276837,34.847509,השלום,602,705,
15812,37358,27,1336,87,32.076273,34.886651,תל אביב מרכז,350 82,2566 2954,
15806,37358,25,112,10,32.088363,34.886985,תל אביב מרכז,50,2485 2486,
13375,37350,22,6822,512,32.034515,34.752164,השלום,1 240 40 42,13429 13580 9822 2450 2457,
13275,37292,4,3926,145,32.066772,34.786680,תל אביב ההגנה,171 271 274 275 345 71 75 76,13699 9849 13482 13479 13481 13554 13697 13698 9844 9852 9872 9877 9878 9845 5154 11506 3382,
13073,37350,11,538,22,32.129874,34.795698,השלום,601 606 616,702 719 15568,
14550,37360,7,462,32,32.115445,34.794632,תא אוניברסיטה,113 13,12299 2318 2317,
23294,37358,17,1982,186,32.092055,34.877520,תל אביב מרכז,150 211 251 50 51 561 571 627 641,5242 5269 13652 2485 2486 2489 2724 2776 11777 11782 10908,
13890,37350,14,2849,313,32.074844,34.819899,השלום,463 60 63,2509 2519 2951,
13632,37350,4,3732,508,32.061991,34.784970,השלום,141 160 169 250 463 472 473 51 60,16797 1041 2775 9804 14554 2492 2508 2713 2950,
13651,37360,15,366,52,32.080978,34.773869,תא אוניברסיטה,22 220 230,9825 9826 10263 7728,
14180,37360,14,431,47,32.114195,34.832962,תא אוניברסיטה,89,9785,
13487,37292,14,902,143,32.068527,34.765534,תל אביב ההגנה,31 331,2415 2416 2418,
13765,37360,4,154,9,32.109556,34.798349,תא אוניברסיטה,113,12299,
13180,37292,22,602,92,32.063113,34.828322,תל אביב ההגנה,31 331,2419 2420 2422,
14159,37350,20,60,0,32.138865,34.817584,השלום,532 625,5231 11795,
13302,37292,13,2837,428,32.080065,34.769812,תל אביב ההגנה,104 204 416,9791 9792 9816 2946,
14338,37350,2,2103,222,32.073256,34.786403,השלום,20 239 278 56,17055 979 9818 16074,
13702,37292,18,1057,80,32.100708,34.781880,תל אביב ההגנה,26,13473 9842,
23534,37292,28,110,0,31.820274,34.732054,תל אביב ההגנה,345,11507,
13730,37358,0,3179,43,32.084104,34.795635,תל אביב מרכז,5 58,2259 2959,
13062,37292,6,431,46,32.064876,34.792273,תל אביב ההגנה,54,10276 11963,
13766,37350,9,929,44,32.110322,34.798129,השלום,127 171,13479 13697 9872 2699 2701 2702,
14128,37350,12,852,40,32.122109,34.802242,השלום,171,13479 13697 9872,
13133,37350,26,583,37,32.061938,34.799749,השלום,23,2358,
13407,37350,21,1201,80,32.039512,34.764004,השלום,7,2276 2277,
13055,37350,9,740,59,32.063445,34.773345,השלום,20 73,1051 16074,
24086,37350,28,1201,80,32.036436,34.763483,השלום,7,2276 2277,
14014,37358,18,1774,200,32.065799,34.832938,תל אביב מרכז,61,2512 2513 2514,
13602,37292,0,5641,749,32.054483,34.784605,תל אביב ההגנה,104 16 204 21 304 416 54,9791 9792 9816 10276 16075 2323 2946 15747 11963,
37760,37350,8,410,47,32.056413,34.779452,השלום,186 285 286 288 386,9254 9255 9256 9266 9275 9281 9284 9287 9253 9267 9272 9265 9273 16339,13281
38944,37358,2,1306,132,32.080633,34.797531,תל אביב מרכז,21 55 59,976 977 978 986 16075,
29419,37360,8,466,75,32.109521,34.826569,תא אוניברסיטה,40,13580,
13239,37358,3,155,20,32.080816,34.788878,תל אביב מרכז,59,986,
13806,37358,17,686,42,32.059996,34.810785,תל אביב מרכז,58,2960,
13657,37358,9,1359,141,32.083994,34.775011,תל אביב מרכז,10,2299,
15856,37350,30,160,20,32.030685,34.866523,השלום,59 74,986 997,
14347,37358,10,3211,195,32.092866,34.836946,תל אביב מרכז,166 211 251 38 466 70 82,2439 2440 2544 2545 2566 2738 2952 2776 10908,
13043,37358,8,1398,150,32.090778,34.825442,תל אביב מרכז,240,9821,
14288,37360,28,1324,178,32.164915,34.843566,תא אוניברסיטה,230 247 47 48,7699 7701 7702 7703 7721 7727,
13355,37358,12,875,64,32.056669,34.780144,תל אביב מרכז,104 111 460 462 464,121 10951 10953 10983 11178 11338,
12952,37360,2,2428,169,32.063440,34.780066,תא אוניברסיטה,189 289 570 89,9788 9789 9813 9824 5259,
24779,37358,13,7129,553,32.092702,34.848261,תל אביב מרכז,1 166 211 38 466 50 51 561 571 627 641 82 871 921,13118 13119 13120 13121 13122 13428 5242 5269 5308 13652 2439 2440 2485 2486 2487 2489 2490 2566 2738 10960 11012 11013 2952 7200 7201 11777 11782 10908,
13115,37358,15,3342,326,32.064694,34.772552,תל אביב מרכז,149 18 248 249 282 347 349,2778 15107 15117 10120 2332 2334 2335 10934 7719 7720,
14362,37292,14,2837,428,32.084226,34.772039,תל אביב ההגנה,104 204 416,9791 9792 9816 2946,
12897,37360,13,2968,294,32.086059,34.782025,תא אוניברסיטה,189 247 25 289 389 47 48 570,7723 13768 9813 9824 7704 2380 5259 7700 7724,
25351,37358,12,1451,144,32.096017,34.875602,תל אביב מרכז,38 51,2439 2440 2489 10960,
787,37358,21,102,14,32.122011,34.901849,תל אביב מרכז,123,16748,
13528,37292,2,4468,632,32.057579,34.777575,תל אביב ההגנה,104 16 204 304,9791 9792 9816 2323 15747,
13656,37350,10,1118,127,32.084955,34.774388,השלום,239,9818,
29340,37360,18,154,9,32.113247,34.792777,תא אוניברסיטה,113,12299,
13455,37358,25,4102,436,32.051532,34.759287,תל אביב מרכז,10 18 83,13637 3174 2299 2332 2334 2335 13450 3173,
16786,37358,30,822,69,32.068058,34.845358,תל אביב מרכז,169 45 69,993 1043 994 2467 1042,
13435,37350,14,1201,80,32.043606,34.780800,השלום,7,2276 2277,
29310,37358,8,12139,594,32.061294,34.784812,תל אביב מרכז,159 171 173 222 271 274 275 277 302 304 345 412 454 458 480 500 501 502 521 524 525 531 532 561 565 567 571 600 601 605 606 615 616 641 642 71 83 852 872,16491 8454 13700 12590 12592 5156 696 698 699 711 721 5189 5198 5212 5218 5219 5224 5225 5228 5248 5266 13491 5302 5306 5309 5310 9436 7034 9505 9506 13637 13648 13650 13655 13662 13701 3174 13814 8455 9847 9873 9874 9880 9881 14032 12591 11943 5215 5237 5240 5251 13450 7030 13480 13483 13494 3173 15544 15569 15571 11507 3388 3389 3390 3392 3393 3394 3395 3396 11783 11784 11537 11936 5236 16323,
13648,37350,5,2130,248,32.076216,34.798903,השלום,463 54 63,10276 2519 2951 11963,
14127,37350,13,852,40,32.124815,34.799838,השלום,171,13479 13697 9872,
13947,37350,15,881,28,32.112554,34.801646,השלום,274,13554 3382,
24451,37292,20,48,0,32.002386,34.752352,תל אביב ההגנה,141,2713,
15909,37358,23,1434,94,32.054576,34.847617,תל אביב מרכז,169 69 70,993 994 2544 2545 1042,
29451,37350,18,622,26,32.176059,34.815820,השלום,601 602 606 616,702 706 719 720 15568,
13199,37358,3,13167,1024,32.085293,34.810136,תל אביב מרכז,1 140 141 150 166 169 211 240 251 278 350 38 40 466 50 504 51 561 565 567 568 571 627 641 68 70 819 82 871 921,13118 13119 13120 13121 13122 1043 5209 13428 5242 5252 5253 5254 5255 5258 5269 5300 5308 13579 13652 13656 13657 13658 9821 989 1968 2439 2440 2444 2485 2486 2487 2489 2490 2544 2545 2566 1042 2724 2738 10960 11012 11013 5249 2952 2954 7200 7201 2776 11777 11782 2714 6794 2712 10908,
12833,37358,2,1514,161,32.082759,34.793207,תל אביב מרכז,10 59,986 2299,
12827,37350,0,1546,99,32.071994,34.795651,השלום,23 278 279 472 473 56 599 73 91,16797 17055 979 1051 14554 10497 2358 2359 11677 16352,
13828,37350,13,583,37,32.069191,34.809472,השלום,23,2358,
13505,37350,10,2844,241,32.060086,34.769010,השלום,240 40,13580 9822 2450,
13811,37358,21,686,42,32.062937,34.814361,תל אביב מרכז,58,2960,
23895,37292,26,36,0,31.943934,34.835626,תל אביב ההגנה,159,13814 13815,
13297,37292,8,5376,787,32.068606,34.770781,תל אביב ההגנה,104 16 204 304 31 331 416,9791 9792 9816 2415 2323 2416 2418 2946 15747,
13880,37350,21,1693,193,32.064504,34.823690,השלום,63,2519,
29348,37358,11,1869,197,32.082795,34.826186,תל אביב מרכז,161 45,9807 2467,
13247,37358,7,1347,131,32.093344,34.822099,תל אביב מרכז,141 40,13579 2444 2714,
13312,37360,15,308,19,32.080352,34.770132,תא אוניברסיטה,13,2314 2315,
109,37292,22,36,0,31.942286,34.831985,תל אביב ההגנה,159,13814 13815,
12990,37358,2,3342,326,32.077609,34.791101,תל אביב מרכז,149 18 248 249 282 347 349,2778 15107 15117 10120 2332 2334 2335 10934 7719 7720,
12993,37350,8,155,20,32.053833,34.793863,השלום,59,986,
13214,37350,1,755,67,32.079816,34.794950,השלום,177 186 188 250 280 286 386 412 454,51 15811 9252 9268 9278 9742 9269 9270 2774 9251 11842 11937 15545,
15628,37358,23,505,49,32.065408,34.852739,תל אביב מרכז,68,989,
15292,37292,28,48,1,31.961217,34.878899,תל אביב ההגנה,474,10978,
29383,37358,12,102,14,32.140196,34.800767,תל אביב מרכז,123,16748,
14002,37360,7,987,117,32.109558,34.824644,תא אוניברסיטה,22 40,9827 13580 9828,
12879,37358,3,2044,167,32.078279,34.801212,תל אביב מרכז,11 45 55 58,976 977 978 2309 2467 2960,
12812,37350,13,1201,80,32.046564,34.780681,השלום,7,2276 2277,
14083,37360,23,810,80,32.109431,34.832979,תא אוניברסיטה,22 89,9827 9786 9828,
22069,37358,28,202,13,31.957325,34.906625,תל אביב מרכז,460 464,10953 10983,
13309,37360,12,308,19,32.087763,34.773358,תא אוניברסיטה,13,2314 2315,
14190,37360,21,521,42,32.118659,34.836377,תא אוניברסיטה,22,9827 9828,
13482,37360,27,640,70,32.065897,34.765503,תא אוניברסיטה,48,7704,
13488,37292,12,1637,216,32.070195,34.764907,תל אביב ההגנה,16 304,2323 15747,
25287,37358,15,305,15,32.104802,34.878132,תל אביב מרכז,38,2439 2440,
13097,37360,5,2791,183,32.106288,34.822207,תא אוניברסיטה,12 137 189 266 389 40 8,1022 13769 9811 1021 16076 2313 2450 16214,
12824,37350,0,3399,285,32.072668,34.793380,השלום,20 23 239 278 279 472 473 56 599 73 91,16797 17055 979 1051 9818 14554 10497 2358 2359 11677 16074 16352,
24039,37350,26,1499,103,32.025858,34.752760,השלום,240,9822,
13544,37292,8,1717,231,32.067357,34.771253,תל אביב ההגנה,104 31 331,9791 9792 2415 2416 2418,
25110,37350,23,160,20,32.029654,34.848012,השלום,59 74,986 997,
13833,37350,15,583,37,32.069168,34.814689,השלום,23,2358,
21798,37358,29,580,4,32.005542,34.831520,תל אביב מרכז,222 454 458,16491 9436 9505 9506 11936 16323,
12843,37358,7,1101,95,32.073858,34.808646,תל אביב מרכז,55 58,976 977 978 2960,
13741,37292,21,1057,80,32.102857,34.788004,תל אביב ההגנה,26,13473 9842,
12959,37358,20,336,28,32.038949,34.779949,תל אביב מרכז,11,2309,
23259,37358,24,2804,201,32.091158,34.885384,תל אביב מרכז,1 466,13428 2952,
13742,37350,13,859,39,32.104198,34.788578,השלום,71,9844 9845,
13748,37350,17,55,3,32.108998,34.790568,השלום,71,9845,
12979,37358,15,1982,143,32.082794,34.845456,תל אביב מרכז,169 350 68 69 70,993 1043 994 989 2544 2545 1042 2954,
13551,37350,12,1552,190,32.072992,34.767491,השלום,63,2517,
13162,37292,4,2606,388,32.046838,34.800032,תל אביב ההגנה,204 304 416,9817 2947 15745 15748,
12962,37358,16,1982,143,32.076767,34.844303,תל אביב מרכז,169 350 68 69 70,993 1043 994 989 2544 2545 1042 2954,
29346,37358,14,1398,150,32.078652,34.834036,תל אביב מרכז,240,9821,
13266,37292,4,902,143,32.060026,34.777926,תל אביב ההגנה,31 331,2415 2416 2418,
13583,37360,17,40,12,32.075307,34.775362,תא אוניברסיטה,220 230,10263 7728,
24219,37358,23,205,25,32.081258,34.850759,תל אביב מרכז,169 69,993 994 1042,
15312,37292,20,48,1,31.968827,34.894613,תל אביב ההגנה,474,10978,
14200,37360,17,521,42,32.117921,34.838153,תא אוניברסיטה,22,9827 9828,
13600,37358,7,1997,246,32.079933,34.781408,תל אביב מרכז,18,2332 2334 2335,
13029,37360,15,2141,169,32.113159,34.839616,תא אוניברסיטה,12 137 189 22 389 8 89,1022 13769 9785 9786 9811 9828 16076 2313,
12928,37360,8,609,56,32.109118,34.794708,תא אוניברסיטה,25 45,2380 2467,
13083,37292,4,623,92,32.059212,34.793780,תל אביב ההגנה,31 331,14025 2419 2420 2422,
13842,37358,4,3036,353,32.079270,34.814187,תל אביב מרכז,161 61,9807 2512 2513 2514,
14138,37360,6,2084,259,32.117935,34.817919,תא אוניברסיטה,220 247 47 48 570 89,7699 5260 5261 9785 9786 10262 7701 7702 7703 7721,
14110,37350,17,852,40,32.128653,34.792205,השלום,171,13479 13697 9872,
13627,37350,6,1632,126,32.056975,34.791919,השלום,54 7,10276 2276 2277 11963,
13096,37360,4,231,12,32.103720,34.797126,תא אוניברסיטה,100 113,12299 2628,
13032,37358,8,8344,628,32.091762,34.828052,תל אביב מרכז,1 140 169 350 38 466 51 627 641 68 69 70 82,993 1043 13428 994 989 2439 2440 2487 2489 2490 2544 2545 2566 1042 10960 2952 2954 11777 11782 2712,
13427,37358,18,594,23,32.043357,34.771753,תל אביב מרכז,173,9874,
12885,37350,15,1012,96,32.061759,34.804855,השלום,23 278 472 473 56 599 74,16796 17054 980 981 997 14553 10498 2358,
12881,37360,11,2968,294,32.089768,34.782736,תא אוניברסיטה,189 247 25 289 389 47 48 570,7723 13768 9813 9824 7704 2380 5259 7700 7724,
13796,37292,21,1170,209,32.050829,34.811691,תל אביב ההגנה,16,2324,
13259,37292,19,2837,428,32.096840,34.775888,תל אביב ההגנה,104 204 416,9791 9792 9816 2946,
16299,37358,22,1319,87,32.085093,34.876488,תל אביב מרכז,51 82,2490 2566,
13768,37292,13,1170,209,32.046562,34.806724,תל אביב ההגנה,16,2324,
29521,37360,8,640,40,32.119883,34.808417,תא אוניברסיטה,49,2482,
12906,37292,23,602,92,32.066681,34.828326,תל אביב ההגנה,31 331,2419 2420 2422,
13328,37292,2,623,92,32.059390,34.788682,תל אביב ההגנה,31 331,14025 2419 2420 2422,
14104,37350,12,1733,68,32.113308,34.799561,השלום,171 274,13479 13554 13697 9872 3382,
29398,37360,2,2997,223,32.113547,34.807402,תא אוניברסיטה,100 266 289 45 7,9823 2276 2467 2628 16216,
13923,37358,3,3036,353,32.081474,34.809175,תל אביב מרכז,161 61,9807 2512 2513 2514,
14184,37360,21,810,80,32.113901,34.835636,תא אוניברסיטה,22 89,9827 9786 9828,
12882,37350,12,240,30,32.091212,34.782786,השלום,56,979,
13682,37360,11,326,40,32.089123,34.776150,תא אוניברסיטה,22,9825 9826,
13679,37350,8,240,30,32.082462,34.781145,השלום,56,979,
13466,37350,13,3978,271,32.054565,34.764473,השלום,1 42,13429 2457,
13251,37358,14,268,26,32.085538,34.837011,תל אביב מרכז,140,2712,
13226,37350,3,2140,227,32.069472,34.783647,השלום,23 63 73,1051 2358 2517,
13003,37358,16,1774,200,32.063857,34.828493,תל אביב מרכז,61,2512 2513 2514,
13691,37358,11,2848,378,32.091846,34.780820,תל אביב מרכז,11 5,2259 2260 2308,
13585,37358,20,2605,355,32.074358,34.778231,תל אביב מרכז,100 5,2259 2260 2628,
14564,37350,14,240,30,32.097563,34.783501,השלום,56,979,
16392,37358,27,112,10,32.083448,34.888378,תל אביב מרכז,50,2485 2486,
29309,37358,0,4705,474,32.082646,34.796548,תל אביב מרכז,101 103 104 105 107 111 112 123 155 159 177 280 345 375 378 380 454 458 460 462 469 500 59 680 69,16407 50 12353 121 51 16747 15810 15811 9009 991 992 993 16085 9436 10954 13581 13582 12639 11172 13814 8455 985 986 994 11945 10295 10296 11275 16748 10854 10951 10952 10953 11169 11178 11179 11200 11338 11339 11340 11341 11507 11506 15253 10853 11926 11937 11944 16086 8176 8177,
29479,37358,2,102,14,32.085263,34.795060,תל אביב מרכז,123,16748,
37688,37358,9,411,62,32.055818,34.779424,תל אביב מרכז,565 921,13113 13116 13117 5248 7199 7193 7198,12961
15321,37292,19,48,1,31.975039,34.893944,תל אביב ההגנה,474,10978,
13560,37360,17,370,40,32.075796,34.774186,תא אוניברסיטה,22 389,13768 9825 9826,
13193,37360,15,2024,218,32.132715,34.831902,תא אוניברסיטה,230 247 47 48 49 521 570,7699 5260 5261 2482 5213 7701 7702 7703 7721 7727,
13989,37360,4,2547,308,32.109945,34.816074,תא אוניברסיטה,22 220 247 40 48 89,9827 13580 9785 9786 9828 10262 7701 7702 7703 7721,
13992,37360,5,2126,263,32.112324,34.816535,תא אוניברסיטה,220 230 247 47 48 521 570 89,7699 5260 5261 9785 9786 10262 5213 7701 7702 7703 7721 7727,
13714,37350,11,690,33,32.088019,34.789551,השלום,7,2275,
25215,37358,17,333,24,32.104594,34.879473,תל אביב מרכז,38 466 51,2439 2440 10960 2952,
13831,37350,17,583,37,32.068399,34.812649,השלום,23,2358,
13002,37292,23,602,92,32.069559,34.828537,תל אביב ההגנה,31 331,2419 2420 2422,
12858,37358,5,1345,80,32.075449,34.782271,תל אביב מרכז,149 248 249 282 347 349,2778 15107 15117 10120 10934 7719 7720,
23964,37292,17,48,0,32.008405,34.754931,תל אביב ההגנה,141,2713,
13145,37360,3,2361,184,32.118006,34.802148,תא אוניברסיטה,289 45 7,9823 2276 2467,
13594,37292,9,1793,139,32.072576,34.781706,תל אביב ההגנה,21 26,13473 9842 16075,
12968,37292,2,623,92,32.059304,34.790544,תל אביב ההגנה,31 331,14025 2419 2420 2422,
13825,37358,4,686,42,32.078367,34.805349,תל אביב מרכז,58,2960,
24009,37350,27,5323,409,32.026611,34.743885,השלום,1 40 42,13429 13580 2450 2457,
13158,37358,14,1774,200,32.070201,34.827992,תל אביב מרכז,61,2512 2513 2514,
13042,37292,5,736,59,32.062111,34.777718,תל אביב ההגנה,21,16075,
24284,37358,24,333,24,32.099792,34.876270,תל אביב מרכז,38 466 51,2439 2440 10960 2952,
16386,37358,18,333,24,32.102615,34.880540,תל אביב מרכז,38 466 51,2439 2440 10960 2952,
13556,37350,9,1552,190,32.076361,34.770766,השלום,63,2517,
15355,37350,29,170,12,31.828023,34.671835,השלום,280,50,
29482,37292,0,5802,362,32.055667,34.783316,תל אביב ההגנה,141 171 174 26 271 274 275 31 331 345 378 71 75 76,13699 9849 13482 13473 13479 13481 13553 13554 13697 13698 12639 13552 9842 9844 9852 9872 9877 9878 9845 10295 14025 5154 2419 2420 2422 11506 3331 3382 2714,
13758,37350,11,36,0,32.100880,34.797667,השלום,521,5213,
37529,37350,10,3978,271,32.054906,34.774122,השלום,1 42,13429 2457,
13716,37358,8,2848,378,32.090826,34.786229,תל אביב מרכז,11 5,2259 2260 2308,
13662,37358,22,397,29,32.095964,34.774432,תל אביב מרכז,100 11,2308 2628,
13762,37360,11,1261,89,32.107911,34.798402,תא אוניברסיטה,113 7,12299 2276,
13211,37360,7,609,56,32.109859,34.797792,תא אוניברסיטה,25 45,2380 2467,
13078,37292,12,821,83,32.056554,34.806935,תל אביב ההגנה,104,9793 9794,
13156,37358,13,1774,200,32.070379,34.825556,תל אביב מרכז,61,2512 2513 2514,
25101,37350,25,160,20,32.025896,34.855563,השלום,59 74,986 997,
13644,37350,29,583,37,32.069794,34.799240,השלום,23,2358,
13630,37350,5,583,37,32.063125,34.799608,השלום,23,2358,
37684,37358,12,885,40,32.055818,34.779424,תל אביב מרכז,521 524 525 531,5212 5218 5219 5224 5225 14032 5215,12961
13272,37292,1,1252,129,32.055942,34.791753,תל אביב ההגנה,104 54,9793 9794 10276 11963,
13918,37358,1,3036,353,32.081940,34.805427,תל אביב מרכז,161 61,9807 2512 2513 2514,
24216,37358,24,160,21,32.082155,34.848394,תל אביב מרכז,69,993,
13601,37292,0,5918,351,32.055233,34.783502,תל אביב ההגנה,141 159 171 26 271 274 275 277 302 304 31 331 345 378 474 71 75 76,13700 12592 5156 13474 13701 13814 13815 9843 9847 9850 9851 9873 9880 9881 12591 10296 2415 2416 2418 2713 10978 13480 13483 11507 3388 3389 3390 3392 3393 3394 3395 3396 11537,
13819,37350,9,1693,193,32.070444,34.805757,השלום,63,2519,
29403,37350,18,807,45,32.171266,34.814327,השלום,601 606 607 616,700 701 702 719 720 722 15568,
13040,37358,19,607,44,32.085621,34.837091,תל אביב מרכז,45,2467,
13792,37292,15,1170,209,32.047640,34.809960,תל אביב ההגנה,16,2324,
14290,37360,29,824,110,32.167260,34.842355,תא אוניברסיטה,230 247 48,7701 7702 7703 7721 7727,
13310,37360,13,308,19,32.085077,34.772559,תא אוניברסיטה,13,2314 2315,
12846,37292,17,2873,451,32.089182,34.773673,תל אביב ההגנה,104 174 204 416,13553 13552 9791 9792 9816 2946 3331,
29373,37358,11,102,14,32.132818,34.796381,תל אביב מרכז,123,16748,
29474,37358,14,2928,329,32.080507,34.834548,תל אביב מרכז,140 161 240,9807 9821 2712,
23272,37358,26,33,0,32.074907,34.869237,תל אביב מרכז,350,2954,
12867,37358,21,415,53,32.055035,34.833911,תל אביב מרכז,55,976 977 978,
13948,37360,0,4298,348,32.104857,34.803888,תא אוניברסיטה,113 13 25 289 40 45 49 7,12299 13579 9823 2275 2314 2315 2374 2444 2466 2484,
39311,37358,19,505,49,32.065728,34.843931,תל אביב מרכז,68,989,
13227,37358,10,10144,715,32.092112,34.832382,תל אביב מרכז,1 140 150 166 169 211 251 350 38 466 50 504 51 561 565 567 568 571 627 641 68 69 70 819 82,993 1043 5209 13428 5242 5252 5253 5254 5255 5258 5269 5300 13652 13656 13657 13658 994 989 2439 2440 2485 2486 2487 2489 2490 2544 2545 2566 1042 2724 2738 10960 5249 2952 2954 2776 11777 11782 6794 2712 10908,
13993,37360,5,987,117,32.109652,34.818799,תא אוניברסיטה,22 40,9827 13580 9828,
37675,37358,11,300,9,32.055818,34.779424,תל אביב מרכז,606 616,721 15571,12961
14197,37360,16,543,42,32.118722,34.836675,תא אוניברסיטה,22 220,9827 9828 10262,
13937,37358,5,3401,230,32.090769,34.811475,תל אביב מרכז,142 42 524 525 531 75 76,9849 5217 5221 5226 5227 5222 13649 9802 9852 2454,
13178,37292,2,5016,208,32.047880,34.784408,תל אביב ההגנה,141 159 171 26 271 274 275 277 302 304 345 378 474 71 75 76,13700 12592 5156 13474 13701 13814 13815 9843 9847 9850 9851 9873 9880 9881 12591 10296 2713 10978 13480 13483 11507 3388 3389 3390 3392 3393 3394 3395 3396 11537,
13308,37360,12,308,19,32.090002,34.774031,תא אוניברסיטה,13,2314 2315,
16388,37358,14,305,15,32.102137,34.880030,תל אביב מרכז,38,2439 2440,
13729,37358,0,6253,928,32.083301,34.797081,תל אביב מרכז,10 173 18 20 21 275 277 5 83,5156 13637 3174 9874 16075 2260 2299 2332 2334 2335 13450 3173 11537 16074,
23997,37350,30,5323,409,32.019034,34.744862,השלום,1 40 42,13429 13580 2450 2457,
13417,37350,23,1201,80,32.038750,34.769089,השלום,7,2276 2277,
13952,37358,7,3117,365,32.083881,34.816332,תל אביב מרכז,161 45 61,9807 2467 2512 2513,
13885,37350,13,2849,313,32.075659,34.817240,השלום,463 60 63,2509 2519 2951,
25288,37358,27,333,24,32.104017,34.875293,תל אביב מרכז,38 466 51,2439 2440 10960 2952,
29435,37360,16,1360,178,32.141000,34.836342,תא אוניברסיטה,230 247 47 48 521,7699 5213 7701 7702 7703 7721 7727,
14533,37360,22,1241,127,32.107960,34.830144,תא אוניברסיטה,22 89,9827 9785 9786 9828,
13745,37350,15,55,3,32.105026,34.790160,השלום,71,9845,
14085,37360,22,810,80,32.110090,34.834577,תא אוניברסיטה,22 89,9827 9786 9828,
36266,37360,26,36,0,32.164060,34.843311,תא אוניברסיטה,521,5213,29444
14167,37350,27,210,0,32.164148,34.800187,השלום,91,16352,
13685,37360,10,326,40,32.088679,34.778994,תא אוניברסיטה,22,9825 9826,
13304,37292,16,2873,451,32.086744,34.772941,תל אביב ההגנה,104 174 204 416,13553 13552 9791 9792 9816 2946 3331,
13949,37360,0,4996,378,32.104789,34.804266,תא אוניברסיטה,100 113 13 25 289 40 45 49 7,12299 13580 9824 2276 2318 2380 2450 2467 2482 2628 2317,
16300,37358,21,1319,87,32.084703,34.872455,תל אביב מרכז,51 82,2490 2566,
24305,37358,26,304,12,32.087109,34.890905,תל אביב מרכז,166 51,2490 2738,
12969,37292,7,2606,388,32.044957,34.811400,תל אביב ההגנה,204 304 416,9817 2947 15745 15748,
13150,37292,3,431,46,32.056422,34.776400,תל אביב ההגנה,54,10276 11963,
29465,37360,15,860,110,32.137548,34.834690,תא אוניברסיטה,230 247 48 521,5213 7701 7702 7703 7721 7727,
29500,37350,17,1799,78,32.165856,34.813505,השלום,600 601 602 605 606 607 615 616,697 700 701 702 704 705 706 712 713 714 715 719 720 722 15568 15570,
15219,37350,30,1377,118,32.248329,34.834677,השלום,601 606 607 616 702 703 808 852 872 910,700 701 702 719 720 722 13111 13112 5288 5290 5291 5297 5311 5312 13663 13664 16888 7192 15568,
12838,37358,18,415,53,32.059076,34.827320,תל אביב מרכז,55,976 977 978,
24053,37292,13,48,0,32.016465,34.759400,תל אביב ההגנה,141,2713,
39046,37350,13,55,3,32.100803,34.789355,השלום,71,9845,
23347,37358,21,195,25,32.076403,34.846099,תל אביב מרכז,169 69,993 1043 994,
13388,37358,30,2105,190,32.041261,34.751546,תל אביב מרכז,10 83,13637 3174 2299 13450 3173,
15870,37358,25,505,49,32.063784,34.857397,תל אביב מרכז,68,989,
13284,37350,18,240,30,32.099444,34.778987,השלום,56,979,
13772,37292,25,1170,209,32.046165,34.814624,תל אביב ההגנה,16,2324,
21705,37292,27,36,0,31.945493,34.840983,תל אביב ההגנה,159,13814 13815,
13722,37358,6,2528,352,32.091496,34.790662,תל אביב מרכז,5,2259 2260,
39959,37350,4,110,4,32.064055,34.781480,השלום,127 350,2695 2697 2698 2955,
15300,37292,27,48,1,31.959178,34.884014,תל אביב ההגנה,474,10978,
16791,37358,27,215,25,32.076468,34.853817,תל אביב מרכז,169 69,993 1043 994 1042,
14016,37350,18,1156,120,32.066277,34.833680,השלום,463 60,2509 2951,
12822,37358,12,415,53,32.063201,34.811192,תל אביב מרכז,55,976 977 978,
29311,37358,0,686,42,32.084014,34.800294,תל אביב מרכז,58,2960,
13329,37358,3,1345,80,32.076732,34.788447,תל אביב מרכז,149 248 249 282 347 349,2778 15107 15117 10120 10934 7719 7720,
24046,37292,10,48,0,32.023359,34.757170,תל אביב ההגנה,141,2713,
29438,37360,19,824,110,32.148548,34.839666,תא אוניברסיטה,230 247 48,7701 7702 7703 7721 7727,
23995,37350,29,5323,409,32.020649,34.743357,השלום,1 40 42,13429 13580 2450 2457,
13035,37358,5,294,21,32.090149,34.819543,תל אביב מרכז,166 466,2738 2952,
29568,37360,3,2920,220,32.117333,34.806280,תא אוניברסיטה,266 289 45 7,9823 2276 2467 16216,
14111,37360,16,462,32,32.122295,34.796154,תא אוניברסיטה,113 13,12299 2318 2317,
13572,37292,9,736,59,32.068500,34.777966,תל אביב ההגנה,21,16075,
38656,37360,11,607,40,32.113881,34.840401,תא אוניברסיטה,266,16214,
23974,37292,15,48,0,32.013060,34.758777,תל אביב ההגנה,141,2713,
13456,37350,14,6822,512,32.054272,34.759643,השלום,1 240 40 42,13429 13580 9822 2450 2457,
14099,37360,6,462,32,32.113976,34.795882,תא אוניברסיטה,113 13,12299 2318 2317,
12911,37358,0,7131,604,32.083009,34.802229,תל אביב מרכז,1 140 141 169 211 240 251 278 350 40 627 641 68 69,993 1043 13428 13579 9821 994 989 1968 2444 1042 2954 2776 11777 11782 2714 2712 10908,
16478,37358,30,1448,97,32.075451,34.891775,תל אביב מרכז,350 50 82,2485 2486 2566 2954,
24279,37358,21,2798,192,32.090056,34.879875,תל אביב מרכז,1,13428,
13655,37358,10,1359,141,32.084208,34.772145,תל אביב מרכז,10,2299,
16788,37358,28,822,69,32.070243,34.849206,תל אביב מרכז,169 45 69,993 1043 994 2467 1042,
15905,37350,30,160,20,32.028056,34.866954,השלום,59 74,986 997,
13513,37358,25,77,3,32.063082,34.772033,תל אביב מרכז,100,2628,
13258,37360,2,3723,359,32.105823,34.812614,תא אוניברסיטה,12 137 22 220 247 40 47 48 521 570,1022 9827 7699 5260 5261 13580 9828 1021 10262 2313 2450 5213 7701 7702 7703 7721,
13589,37358,10,1997,246,32.077090,34.777593,תל אביב מרכז,18,2332 2334 2335,
13269,37358,19,620,56,32.066068,34.764834,תל אביב מרכז,149,7719 7720,
12886,37292,8,580,92,32.062113,34.804297,תל אביב ההגנה,31,14025 2419,
37648,37350,8,1118,137,32.056160,34.779269,השלום,160,9804,13527
29335,37358,28,1359,141,32.045778,34.756969,תל אביב מרכז,10,2299,
15845,37358,25,1303,87,32.082084,34.883456,תל אביב מרכז,82,2566,
13555,37360,19,370,40,32.076518,34.770456,תא אוניברסיטה,22 389,13768 9825 9826,
13208,37360,13,1263,101,32.104449,34.794616,תא אוניברסיטה,113 25 7,12299 2276 2380,
13510,37358,17,340,8,32.059050,34.774534,תל אביב מרכז,248 347 349,15107 15117 10934,
13646,37350,0,1564,208,32.075525,34.794922,השלום,463 63,2517 2950,
24722,37292,18,48,0,32.003426,34.753534,תל אביב ההגנה,141,2713,
13128,37292,7,1166,105,32.067602,34.792920,תל אביב ההגנה,20 54,10276 11963 16074,
13911,37350,15,1150,111,32.074883,34.832221,השלום,60,2509,
14158,37350,24,44,0,32.129537,34.820267,השלום,127,2699 2701,
13318,37360,9,2966,282,32.094341,34.783644,תא אוניברסיטה,189 247 289 389 47 48 570,7723 13768 9813 9824 7704 5259 7700 7724,
12847,37350,2,1515,96,32.071564,34.797751,השלום,23 278 279 472 473 56 599 74 91,16796 17054 980 981 997 14553 10498 2358 11678 16353,
29477,37358,13,2928,329,32.082834,34.835564,תל אביב מרכז,140 161 240,9807 9821 2712,
13534,37292,5,932,104,32.063377,34.778495,תל אביב ההגנה,141 174 21 378,13553 12639 13552 10295 16075 3331 2714,
13276,37292,3,1253,125,32.064921,34.786054,תל אביב ההגנה,141 174 26 378,13473 13553 12639 13552 9842 10295 3331 2714,
15380,37292,26,48,1,31.956998,34.885119,תל אביב ההגנה,474,10978,
15711,37350,19,155,20,32.036872,34.839899,השלום,59,986,
13056,37350,0,2523,205,32.073136,34.794981,השלום,21 54 59 7,986 10276 16075 2276 2277 11963,
13219,37360,2,5404,495,32.107454,34.814433,תא אוניברסיטה,12 137 189 22 220 230 247 266 389 40 48 521 570 8 89,1022 9827 5260 5261 13580 13769 9785 9786 9811 9828 1021 10262 16076 2313 2450 5213 7701 7702 7703 7721 7727 16214,
13117,37350,13,997,41,32.105834,34.800065,השלום,159 271 454 464 474 500,13699 13482 13481 13698 13817 8457 9877 9878 10979 10984 16324,
13935,37358,4,4054,272,32.088895,34.808170,תל אביב מרכז,142 42 524 525 531 58 75 76,9849 5217 5221 5226 5227 5222 13649 9802 9852 2454 2959,
16279,37358,25,304,12,32.086364,34.888289,תל אביב מרכז,166 51,2490 2738,
13610,37292,1,3776,597,32.053436,34.791287,תל אביב ההגנה,16 204 304 416,9817 2324 2947 15745 15748,
13307,37360,10,308,19,32.093349,34.775015,תא אוניברסיטה,13,2314 2315,
13727,37360,6,326,40,32.085848,34.794018,תא אוניברסיטה,22,9825 9826,
13118,37360,2,1706,104,32.108604,34.801380,תא אוניברסיטה,13 25 289 49,9824 2318 2380 2482 2317,
13645,37350,3,926,37,32.070087,34.799665,השלום,23 279,2358 11678,
13409,37350,20,1201,80,32.040384,34.764436,השלום,7,2276 2277,
15311,37292,22,48,1,31.966846,34.892329,תל אביב ההגנה,474,10978,
14312,37360,15,348,40,32.079313,34.773949,תא אוניברסיטה,22 220,9825 9826 10263,
13604,37350,11,1201,80,32.047310,34.790169,השלום,7,2276 2277,
13795,37292,16,1170,209,32.049443,34.811336,תל אביב ההגנה,16,2324,
13710,37358,3,1514,161,32.083396,34.789891,תל אביב מרכז,10 59,986 2299,
12836,37292,17,821,83,32.059849,34.816391,תל אביב ההגנה,104,9793 9794,
23970,37292,16,48,0,32.010782,34.758155,תל אביב ההגנה,141,2713,
24083,37292,5,48,0,32.036474,34.762879,תל אביב ההגנה,141,2713,
12924,37358,4,1997,246,32.078600,34.788346,תל אביב מרכז,18,2332 2334 2335,
29349,37358,9,102,14,32.122120,34.794165,תל אביב מרכז,123,16748,
13817,37292,10,580,92,32.066382,34.805715,תל אביב ההגנה,31,14025 2419,
13713,37360,13,1956,145,32.084855,34.789479,תא אוניברסיטה,220 7 89,9788 9789 10263 2276,
13669,37350,11,1118,127,32.087671,34.775072,השלום,239,9818,
14284,37360,27,824,110,32.164672,34.835405,תא אוניברסיטה,230 247 48,7701 7702 7703 7721 7727,
13322,37350,2,4744,618,32.066499,34.786802,השלום,127 141 160 169 186 250 285 286 288 350 386 463 472 473 51 599 60 68,16797 987 1041 9254 9255 9256 9266 9275 9281 9284 9287 2775 9804 14554 9253 10497 9267 2492 2508 2695 2697 2698 2713 2950 2955 9272 9265 9273 16339,
14591,37350,26,36,0,32.145826,34.818441,השלום,532,5231,
13810,37292,10,33,0,32.058588,34.812816,תל אביב ההגנה,331,2422,
13763,37360,4,154,9,32.108100,34.798318,תא אוניברסיטה,113,12299,
13019,37292,1,154,57,32.060522,34.781999,תל אביב ההגנה,174 378 416,13553 12639 13552 10295 2946 3331,
15405,37350,29,240,30,32.054549,34.864549,השלום,56 74,980 997,
36516,37350,12,1273,186,32.056413,34.779452,השלום,51,2492,13281
13708,37360,9,326,40,32.087557,34.784929,תא אוניברסיטה,22,9825 9826,
14045,37358,13,2928,329,32.084589,34.836367,תל אביב מרכז,140 161 240,9807 9821 2712,
14174,37350,18,210,0,32.161958,34.808550,השלום,91,16352,
15836,37292,11,48,1,32.013734,34.846019,תל אביב ההגנה,474,10978,
12889,37358,0,4450,463,32.082455,34.795442,תל אביב מרכז,161 166 211 55 58 61,976 977 978 9807 2512 2513 2514 2738 2960 10908,
13340,37350,24,1071,141,32.079582,34.838649,השלום,160,9805,
12851,37350,15,804,36,32.109944,34.788909,השלום,71,9844,
29347,37358,11,1869,197,32.083049,34.827937,תל אביב מרכז,161 45,9807 2467,
14632,37350,30,36,0,32.275266,34.848116,השלום,602,705,
16302,37358,21,1303,87,32.085571,34.869830,תל אביב מרכז,82,2566,
13339,37358,17,1530,179,32.076628,34.836252,תל אביב מרכז,140 161,9807 2712,
13406,37358,27,336,28,32.040637,34.763645,תל אביב מרכז,11,2309,
12910,37358,4,117,24,32.095376,34.794137,תל אביב מרכז,123 480,12811 16748,
13217,37350,9,3201,338,32.056810,34.776630,השלום,350 42 50 51 68 73,987 1051 2457 2488 2492 2955,
12855,37358,6,1022,97,32.075287,34.806944,תל אביב מרכז,45 55,976 977 978 2467,
33938,37358,26,607,44,32.074084,34.849081,תל אביב מרכז,45,2467,
29410,37350,16,36,0,32.117526,34.803417,השלום,159,13817,
12865,37350,16,859,39,32.111741,34.789252,השלום,71,9844 9845,
13537,37292,0,4468,632,32.055734,34.781771,תל אביב ההגנה,104 16 204 304,9791 9792 9816 2323 15747,
12938,37350,12,1071,141,32.083188,34.821066,השלום,160,9805,
14472,37360,9,326,31,32.096320,34.776063,תא אוניברסיטה,13 230,2314 2315 7728,
16396,37358,28,112,10,32.079272,34.889874,תל אביב מרכז,50,2485 2486,
13829,37350,10,1699,202,32.071470,34.808534,השלום,463 63,2519 2951,
14157,37360,15,543,42,32.123142,34.832200,תא אוניברסיטה,22 220,9827 9828 10262,
33818,37360,23,308,23,32.131493,34.794777,תא אוניברסיטה,13,2318 2317,
13960,37358,8,4054,272,32.095279,34.819734,תל אביב מרכז,142 42 524 525 531 58 75 76,9849 5217 5221 5226 5227 5222 13649 9802 9852 2454 2959,
14114,37360,27,154,9,32.125050,34.798707,תא אוניברסיטה,113,12299,
13030,37360,14,627,41,32.106733,34.830514,תא אוניברסיטה,137 266,1022 16214,
25138,37350,20,155,20,32.036179,34.846012,השלום,59,986,
14376,37350,7,3978,271,32.058355,34.777550,השלום,1 42,13429 2457,
13358,37358,5,107,14,32.101566,34.792854,תל אביב מרכז,107 123,16748 15253,
15309,37292,17,48,1,31.976562,34.884807,תל אביב ההגנה,474,10978,
24738,37292,11,785,31,32.028909,34.796875,תל אביב ההגנה,274 275,5156 3388 3389 3390 3392 3393 3394 3395 3396,
13824,37358,4,686,42,32.077954,34.802975,תל אביב מרכז,58,2960,
15529,37350,27,160,20,32.028839,34.864182,השלום,59 74,986 997,
37689,37358,6,507,59,32.055818,34.779424,תל אביב מרכז,852 872,5302 5306 5309 5310 13662,12961
14281,37350,29,70,0,32.161168,34.841744,השלום,502,5200 5202 5203 5201,
29480,37350,2,10057,691,32.081367,34.794199,השלום,127 159 171 271 274 279 454 464 474 500 501 502 521 532 600 601 602 605 606 607 615 616 625 650 700 702 703 71 784 808 825 826 827 832 834 836 840 843 845 846 848 852 853 872 900 909 91 910,13699 5197 12825 697 700 701 702 704 705 706 712 713 714 715 718 719 720 722 13076 13077 13079 13097 13098 13111 13112 7099 13343 13344 13346 13347 5193 5194 5196 5200 5202 5203 5204 5207 5230 5231 13482 7100 5286 13479 5288 13481 5290 5291 5297 5311 5312 13554 13663 13664 13678 13697 13698 7079 13817 7083 7085 8457 9844 9872 9877 9878 9845 14034 7178 7185 5195 13492 5201 5213 2699 2701 10979 10984 7187 7188 7061 7076 7081 7086 16888 7154 7155 7162 7168 7174 7179 7192 5287 15568 15570 3382 11677 11795 2702 16324 16352,
37415,37358,23,490,54,32.094730,34.886061,תל אביב מרכז,571 871 921,13118 13119 13120 13121 13122 5269 5308 11012 11013 7200 7201,
14355,37350,19,345,15,32.123719,34.854719,השלום,250 286 386,9268 9278 9269 9270 2774,
15619,37350,27,160,20,32.027230,34.861657,השלום,59 74,986 997,
13481,37350,14,583,37,32.065429,34.765684,השלום,23,2358,
13371,37350,22,4008,320,32.032768,34.751626,השלום,240 40 42,13580 9822 2450 2457,
16405,37358,28,288,12,32.086005,34.895774,תל אביב מרכז,166,2738,
16262,37358,28,33,0,32.074698,34.877287,תל אביב מרכז,350,2954,
13300,37292,12,2837,428,32.076813,34.768193,תל אביב ההגנה,104 204 416,9791 9792 9816 2946,
16552,37358,30,454,27,32.116678,34.902927,תל אביב מרכז,627 641,11777 11782,
16261,37358,29,33,0,32.074614,34.880469,תל אביב מרכז,350,2954,
14204,37360,15,543,42,32.121350,34.834863,תא אוניברסיטה,22 220,9827 9828 10262,
13100,37360,6,647,60,32.111062,34.801741,תא אוניברסיטה,289,9823,
13822,37358,5,336,28,32.074093,34.801260,תל אביב מרכז,11,2309,
13636,37358,5,155,20,32.077809,34.791077,תל אביב מרכז,59,986,
29588,37360,6,756,29,32.117491,34.806315,תא אוניברסיטה,289,9824,
13364,37358,10,1869,208,32.083678,34.822267,תל אביב מרכז,161 45 61,9807 2467 2513,
13675,37360,16,2079,219,32.081798,34.781420,תא אוניברסיטה,247 25 289 47 48,7723 9824 7704 2380 7700 7724,
13549,37292,12,902,143,32.072597,34.767788,תל אביב ההגנה,31 331,2415 2416 2418,
23968,37292,16,48,0,32.009038,34.757062,תל אביב ההגנה,141,2713,
24678,37358,25,33,0,32.073484,34.864396,תל אביב מרכז,350,2954,
29466,37360,22,860,110,32.156765,34.842294,תא אוניברסיטה,230 247 48 521,5213 7701 7702 7703 7721 7727,
13692,37360,10,326,40,32.088322,34.781194,תא אוניברסיטה,22,9825 9826,
14032,37358,18,2928,329,32.073338,34.838650,תל אביב מרכז,140 161 240,9807 9821 2712,
24017,37350,24,6822,512,32.028019,34.749057,השלום,1 240 40 42,13429 13580 9822 2450 2457,
25107,37292,30,785,31,31.984633,34.810740,תל אביב ההגנה,274 275,5156 3388 3389 3390 3392 3393 3394 3395 3396,
13618,37292,3,3776,597,32.047556,34.795920,תל אביב ההגנה,16 204 304 416,9817 2324 2947 15745 15748,
13085,37360,10,308,19,32.095038,34.775573,תא אוניברסיטה,13,2314 2315,
13149,37358,14,594,23,32.054302,34.775259,תל אביב מרכז,173,9874,
29407,37350,18,1428,172,32.179450,34.815826,השלום,601 602 607 702 703 784 808 826 827 852 872 910,700 701 704 705 722 13076 13077 13079 13111 13112 5288 5290 5291 5297 5311 5312 13663 13664 7079 7083 7085 7061 7076 7081 7086 16888 7192,
14108,37350,16,852,40,32.124652,34.791779,השלום,171,13479 13697 9872,
29411,37350,15,25,1,32.117574,34.803552,השלום,454,16324,
12821,37358,13,415,53,32.062099,34.813186,תל אביב מרכז,55,976 977 978,
13694,37292,14,1057,80,32.090246,34.782602,תל אביב ההגנה,26,13473 9842,
13126,37360,3,1706,104,32.112655,34.801363,תא אוניברסיטה,13 25 289 49,9824 2318 2380 2482 2317,
13584,37350,6,1552,190,32.072437,34.778119,השלום,63,2517,
38943,37358,0,16175,1239,32.081422,34.797633,תל אביב מרכז,1 140 141 142 150 169 240 251 278 350 38 40 42 466 50 504 51 524 525 531 561 565 567 568 571 627 641 68 70 75 76 819 82 871 921,13118 13119 13120 13121 13122 9849 1043 5209 5217 5221 5226 5227 13428 5242 5252 5253 5254 5255 5258 5269 5222 5300 5308 13579 13649 13652 13656 13657 13658 9802 9821 9852 989 1968 2439 2440 2444 2454 2485 2486 2487 2489 2490 2544 2566 1042 2724 10960 11012 11013 5249 2952 2954 7200 7201 2776 11777 11782 2714 6794 2712,
29450,37350,14,2615,394,32.164486,34.813124,השלום,700 702 703 784 808 825 826 827 832 834 836 840 843 845 846 848 852 853 872 900 909 910,12825 13076 13077 13079 13097 13098 13111 13112 7099 13343 13344 13346 13347 7100 5286 5288 5290 5291 5297 5311 5312 13663 13664 13678 7079 7083 7085 14034 7178 7185 7187 7188 7061 7076 7081 7086 16888 7154 7155 7162 7168 7174 7179 7192 5287,
13973,37350,16,1071,141,32.086406,34.826208,השלום,160,9805,
25273,37358,19,1319,87,32.088723,34.868818,תל אביב מרכז,51 82,2490 2566,
13103,37350,0,29526,2331,32.074889,34.790793,השלום,1 101 103 104 105 107 111 112 127 140 141 150 159 160 169 171 173 177 186 188 240 250 251 271 274 275 279 280 286 345 350 375 378 386 40 412 42 454 458 460 462 463 464 466 474 480 50 500 501 502 504 51 521 524 525 531 532 561 565 567 568 571 60 600 601 602 605 606 607 615 616 625 627 63 641 650 68 700 702 703 71 75 76 784 808 819 825 826 827 83 832 834 836 840 843 845 846 848 852 853 871 872 900 909 910 921,12353 13699 51 5197 12811 12825 15811 697 700 701 702 704 705 706 712 713 714 715 718 719 720 722 13076 13077 13079 13097 13098 9009 13111 13112 13118 13119 13120 13121 13122 9849 7099 1043 13343 13344 13346 13347 9252 9268 9278 5193 5194 5196 5200 5202 5203 5204 5207 5209 5217 5221 5226 5227 5230 5231 13428 5242 5252 5253 5254 5255 5258 5269 13482 5222 7100 5286 13479 5288 13481 5290 5291 5297 5300 5308 5311 5312 13554 10954 13579 13649 13652 13656 13657 13658 13663 13664 13678 13697 13698 12639 7079 13817 7083 9742 7085 8457 9805 9821 9844 9852 9872 9875 9877 9878 9845 14034 989 11945 10295 7178 11275 7185 5154 9269 9270 2444 2454 2485 2486 2487 2489 2490 5195 2509 2519 13492 5201 5213 1042 3172 2699 2701 2724 10952 10960 2774 10979 10984 11012 11013 5249 7187 13449 7188 2951 2952 2954 9251 7061 11169 7076 7081 11179 7086 11200 16888 7154 7155 7162 7168 7174 7179 7192 7200 5287 11339 11341 3170 7201 15568 15570 11506 3382 15253 11677 2776 11777 11782 11795 11842 10853 2714 11937 11944 6794 2702 2712 15545 16324,
13152,37350,23,1071,141,32.080978,34.840268,השלום,160,9805,
25260,37358,28,33,0,32.074776,34.874669,תל אביב מרכז,350,2954,
13177,37292,11,821,83,32.057316,34.805054,תל אביב ההגנה,104,9793 9794,
33843,37350,25,36,0,32.142046,34.817527,השלום,532,5231,
14140,37360,7,720,85,32.117870,34.819709,תא אוניברסיטה,89,9785 9786,
13120,37358,7,11960,917,32.091293,34.824478,תל אביב מרכז,1 140 150 166 169 211 240 251 350 38 466 50 504 51 561 565 567 568 571 627 641 68 69 70 819 82 921,13118 13119 13120 13121 13122 993 1043 5209 13428 5242 5252 5253 5254 5255 5258 5269 5300 13652 13656 13657 13658 9821 994 989 2439 2440 2485 2486 2487 2489 2490 2544 2545 2566 1042 2724 2738 10960 11012 11013 5249 2952 2954 7200 7201 2776 11777 11782 6794 2712 10908,
37040,37292,2,4895,225,32.061230,34.784594,תל אביב ההגנה,171 26 271 274 275 71 75 76,13699 9849 13482 13473 13479 13481 13554 13697 13698 9842 9844 9852 9872 9877 9878 9845 5154 3382,
14091,37350,17,859,39,32.114288,34.789734,השלום,71,9844 9845,
13832,37350,15,583,37,32.069187,34.812726,השלום,23,2358,
15528,37350,24,160,20,32.028300,34.850807,השלום,59 74,986 997,
16336,37358,27,1077,99,32.099140,34.895905,תל אביב מרכז,211 561 571 627 641 921,13118 13119 13120 13121 13122 5242 5269 13652 11012 11013 7200 7201 11777 11782 10908,
13301,37292,13,2837,428,32.078291,34.768714,תל אביב ההגנה,104 204 416,9791 9792 9816 2946,
24466,37292,24,36,0,31.936989,34.834868,תל אביב ההגנה,159,13814 13815,
13479,37358,19,3356,387,32.065107,34.764723,תל אביב מרכז,10 18,2299 2332 2334 2335,
37530,37350,17,6822,512,32.050194,34.759109,השלום,1 240 40 42,13429 13580 9822 2450 2457,
29352,37358,13,268,26,32.086862,34.839273,תל אביב מרכז,140,2712,
15414,37350,27,170,12,31.831106,34.692743,השלום,280,50,
13033,37350,8,1118,127,32.078936,34.773906,השלום,239,9818,
12920,37360,6,1716,136,32.112327,34.797918,תא אוניברסיטה,25 45 7,2276 2380 2467,
14112,37360,27,154,9,32.123271,34.797635,תא אוניברסיטה,113,12299,
13155,37360,10,1546,150,32.121903,34.821747,תא אוניברסיטה,220 230 247 48 49 521 570,5260 5261 10262 2482 5213 7701 7702 7703 7721 7727,
14323,37360,23,308,19,32.067589,34.765119,תא אוניברסיטה,13,2314 2315,
14536,37358,0,336,28,32.085480,34.800364,תל אביב מרכז,11,2309,
14588,37350,17,1150,111,32.068757,34.832731,השלום,60,2509,
37687,37358,8,1015,66,32.055818,34.779424,תל אביב מרכז,561 567 571,5266 13650 13655 5237 5240 5251 13494 5236,12961
13638,37292,7,821,83,32.064018,34.796349,תל אביב ההגנה,104,9793 9794,
37647,37292,6,431,46,32.056160,34.779269,תל אביב ההגנה,54,10276 11963,13527
643,37358,7,1124,129,32.097933,34.879686,תל אביב מרכז,51,2489,
16196,37358,14,6220,471,32.092850,34.852925,תל אביב מרכז,1 166 38 466 50 51 561 571 82,13428 5242 5269 13652 2439 2440 2485 2486 2487 2489 2490 2566 2738 10960 2952,
13206,37292,7,3886,145,32.071844,34.789476,תל אביב ההגנה,141 171 271 274 275 71 75 76,13699 9849 13482 13479 13481 13554 13697 13698 9844 9852 9872 9877 9878 9845 5154 3382 2714,
13392,37358,29,1359,141,32.046589,34.753270,תל אביב מרכז,10,2299,
29463,37360,10,521,42,32.115062,34.825299,תא אוניברסיטה,22,9827 9828,
13598,37292,10,1093,103,32.076684,34.781313,תל אביב ההגנה,174 26,13473 13553 13552 9842 3331,
14344,37358,15,1530,179,32.079161,34.837455,תל אביב מרכז,140 161,9807 2712,
23124,37358,29,96,6,31.963744,34.899870,תל אביב מרכז,462,121,
13775,37292,9,1170,209,32.053443,34.801640,תל אביב ההגנה,16,2324,
110,37292,23,36,0,31.939107,34.832166,תל אביב ההגנה,159,13814 13815,
13641,37350,27,583,37,32.065827,34.798704,השלום,23,2358,
24201,37358,25,607,44,32.075267,34.846423,תל אביב מרכז,45,2467,
13559,37358,12,1997,246,32.071869,34.773464,תל אביב מרכז,18,2332 2334 2335,
12988,37292,5,623,92,32.059194,34.798722,תל אביב ההגנה,31 331,14025 2419 2420 2422,
13620,37292,6,1170,209,32.050520,34.796297,תל אביב ההגנה,16,2324,
13354,37358,0,13463,893,32.083641,34.795097,תל אביב מרכז,100 101 107 127 149 171 222 248 249 270 271 274 279 282 347 349 45 454 464 474 480 500 501 502 521 532 58 600 601 605 606 615 616 71 784 800 825 826 836 840 843 845 846 848 849 852 872 900 91 910,16491 8454 13700 2778 12590 15107 12822 12823 12824 15117 696 698 699 711 721 13073 13096 13108 13109 13110 13342 13345 13349 5189 5198 5212 5228 13491 5302 5306 5309 5310 7034 9505 9506 13648 13662 5229 7060 13701 11168 9847 9873 9880 9881 10120 7150 7151 15383 7167 2467 2628 2695 2697 2698 10934 10978 10983 2960 15252 7072 7114 7152 13480 13483 7177 7189 7190 11392 15569 15571 3379 3388 3389 3390 3392 3393 3394 3395 3396 11678 15123 7719 7720 11936 16302 16353 16323,
38940,37358,4,10947,894,32.088658,34.814882,תל אביב מרכז,1 140 141 166 169 240 350 38 40 466 51 627 68 69 70 82,993 1043 13428 13579 9821 994 989 2439 2440 2444 2487 2489 2490 2544 2545 2566 1042 2738 10960 2952 2954 11777 2714 2712,
13590,37358,8,775,64,32.077639,34.778033,תל אביב מרכז,149 248 282 349,2778 15107 15117 7719 7720,
16331,37358,27,55,0,32.094828,34.892082,תל אביב מרכז,251,2776,
12844,37358,8,1101,95,32.072340,34.808682,תל אביב מרכז,55 58,976 977 978 2960,
15327,37358,30,202,13,31.952499,34.906142,תל אביב מרכז,460 464,10953 10983,
15603,37350,29,160,20,32.030856,34.864423,השלום,59 74,986 997,
37525,37358,23,340,8,32.055818,34.779424,תל אביב מרכז,248 347 349,15107 15117 10934,12961
14124,37360,8,1102,72,32.118624,34.801564,תא אוניברסיטה,113 13 49,12299 2318 2482 2317,
12835,37358,14,415,53,32.060792,34.816445,תל אביב מרכז,55,976 977 978,
15697,37358,24,310,21,32.086034,34.885385,תל אביב מרכז,166 466 51,2490 2738 2952,
16385,37358,18,333,24,32.100035,34.879359,תל אביב מרכז,38 466 51,2439 2440 10960 2952,
29429,37360,20,36,0,32.148268,34.839515,תא אוניברסיטה,521,5213,
13052,37360,4,756,29,32.117801,34.801378,תא אוניברסיטה,289,9824,
15289,37292,30,48,1,31.956977,34.879090,תל אביב ההגנה,474,10978,
13529,37360,26,827,65,32.057500,34.778237,תא אוניברסיטה,89,9788 9789,
25266,37358,27,454,27,32.101597,34.897570,תל אביב מרכז,627 641,11777 11782,
12845,37350,13,589,46,32.067915,34.808458,השלום,23 463,2358 2951,
25128,37292,26,785,31,31.994441,34.815195,תל אביב ההגנה,274 275,5156 3388 3389 3390 3392 3393 3394 3395 3396,
15564,37292,15,785,31,32.021799,34.805505,תל אביב ההגנה,274 275,5156 3388 3389 3390 3392 3393 3394 3395 3396,
13416,37358,25,336,28,32.038692,34.768795,תל אביב מרכז,11,2309,
13236,37360,11,640,40,32.118763,34.817443,תא אוניברסיטה,49,2482,
13089,37350,13,583,37,32.063639,34.770359,השלום,23,2358,
16324,37358,28,55,0,32.096338,34.894520,תל אביב מרכז,251,2776,
12930,37360,13,2046,218,32.128115,34.828144,תא אוניברסיטה,220 230 247 47 48 49 521 570,7699 5260 5261 10262 2482 5213 7701 7702 7703 7721 7727,
13295,37358,8,178,18,32.062512,34.780173,תל אביב מרכז,375 378,10296 10854,
13395,37350,20,6822,512,32.040261,34.756532,השלום,1 240 40 42,13429 13580 9822 2450 2457,
16307,37358,26,112,10,32.085959,34.887655,תל אביב מרכז,50,2485 2486,
13320,37350,0,14620,1371,32.074292,34.791026,השלום,1 127 140 141 160 169 186 20 240 250 279 285 286 288 350 386 40 42 50 51 60 63 68,987 1041 9254 9255 9256 9266 9275 9281 9284 9287 13429 13580 2775 9804 9822 9253 9267 2450 2457 2488 2492 2508 2517 2695 2697 2698 2711 2713 2955 9272 11678 16074 9265 9273 16339,
25078,37350,28,235,30,32.056949,34.864608,השלום,56,980,
13000,37292,4,1987,188,32.060644,34.791890,תל אביב ההגנה,104 20 54,9793 9794 10276 11963 16074,
13996,37360,6,987,117,32.106876,34.821139,תא אוניברסיטה,22 40,9827 13580 9828,
13058,37350,4,1826,226,32.077457,34.796802,השלום,463 54 63,2519 2951 11963,
13101,37358,6,12429,966,32.089649,34.818457,תל אביב מרכז,1 140 141 169 211 240 278 350 38 40 504 51 561 565 567 568 571 627 641 68 69 70 819 82,993 1043 5209 13428 5242 5252 5253 5254 5255 5258 5269 5300 13579 13652 13656 13657 13658 9821 994 989 1968 2439 2440 2444 2487 2489 2490 2544 2545 2566 1042 10960 5249 2954 11777 11782 2714 6794 2712 10908,
15634,37358,24,505,49,32.065703,34.855268,תל אביב מרכז,68,989,
14009,37360,24,810,80,32.110145,34.831820,תא אוניברסיטה,22 89,9827 9786 9828,
13313,37358,12,1359,141,32.078741,34.769063,תל אביב מרכז,10,2299,
13063,37350,7,1787,146,32.054621,34.791706,השלום,54 59 7,986 10276 2276 2277 11963,
24158,37358,22,594,23,32.035371,34.767675,תל אביב מרכז,173,9874,
29432,37358,12,3267,347,32.086084,34.831878,תל אביב מרכז,161 240 45,9807 9821 2467,
14081,37360,13,2141,169,32.107127,34.833510,תא אוניברסיטה,12 137 189 22 389 8 89,1022 13769 9785 9786 9811 9828 16076 2313,
37051,37358,6,158,46,32.054875,34.780120,תל אביב מרכז,784 900 910,13108 13109 13110 7060 15383 7189 7190,14593
29464,37360,11,1241,127,32.118593,34.825258,תא אוניברסיטה,22 89,9827 9785 9786 9828,
13337,37358,15,1398,150,32.075852,34.833822,תל אביב מרכז,240,9821,
36896,37358,6,74,12,32.054875,34.780120,תל אביב מרכז,843 846 848,12822 12823 12824 13096 7150 7151 7167 7152 11392,14593
15563,37292,16,785,31,32.019078,34.807991,תל אביב ההגנה,274 275,5156 3388 3389 3390 3392 3393 3394 3395 3396,
14189,37360,13,720,85,32.118909,34.834075,תא אוניברסיטה,89,9785 9786,
13123,37358,2,4777,425,32.084227,34.808446,תל אביב מרכז,140 141 169 240 40 68 70,1043 13579 9821 989 2444 2544 2545 1042 2714 2712,
13882,37350,20,1693,193,32.066641,34.824088,השלום,63,2519,
13181,37360,9,1015,84,32.092013,34.795205,תא אוניברסיטה,22 220 45 521,5212 9825 9826 10263 2467,
16780,37358,24,205,25,32.081837,34.849497,תל אביב מרכז,169 69,993 994 1042,
701,37360,13,640,40,32.094713,34.886240,תא אוניברסיטה,49,2482,
14584,37358,12,746,49,32.057835,34.783286,תל אביב מרכז,83,13637 3174 13450 3173,
15376,37292,16,48,1,31.984789,34.876315,תל אביב ההגנה,474,10978,
29476,37350,25,583,37,32.059178,34.801864,השלום,23,2358,
13619,37358,16,336,28,32.047281,34.796587,תל אביב מרכז,11,2309,
14202,37360,17,521,42,32.118462,34.839229,תא אוניברסיטה,22,9827 9828,
13670,37360,12,326,40,32.087957,34.775256,תא אוניברסיטה,22,9825 9826,
14093,37350,19,859,39,32.120267,34.790885,השלום,71,9844 9845,
15708,37358,30,505,49,32.054964,34.863679,תל אביב מרכז,68,989,
39962,37350,4,7664,595,32.063355,34.784765,השלום,1 127 240 350 40 42 50 599 68,987 13429 13580 9822 10497 2450 2457 2488 2695 2697 2698 2955,
14040,37358,19,2928,329,32.071681,34.840713,תל אביב מרכז,140 161 240,9807 9821 2712,
16914,37350,28,1499,103,32.020936,34.758446,השלום,240,9822,
13357,37292,1,6543,892,32.056508,34.780026,תל אביב ההגנה,104 16 204 21 304 31 331 416 54,9791 9792 9816 10276 2415 16075 2323 2416 2418 2946 15747 11963,
13925,37358,6,185,25,32.086010,34.810234,תל אביב מרכז,69,993 994,
13179,37360,9,1716,136,32.102794,34.793726,תא אוניברסיטה,25 45 7,2276 2380 2467,
24004,37350,28,5323,409,32.024035,34.743191,השלום,1 40 42,13429 13580 2450 2457,
29437,37360,19,36,0,32.145664,34.838381,תא אוניברסיטה,521,5213,
14021,37358,20,1666,176,32.071240,34.838307,תל אביב מרכז,140 240,9821 2712,
39045,37360,0,132,0,32.103121,34.805165,תא אוניברסיטה,8,16076 16077,
12975,37292,1,623,92,32.059455,34.786382,תל אביב ההגנה,31 331,14025 2419 2420 2422,
38949,37360,23,2428,169,32.066901,34.784958,תא אוניברסיטה,189 289 570 89,9788 9789 9813 9824 5259,
13599,37292,3,1057,80,32.078177,34.781165,תל אביב ההגנה,26,13473 9842,
12937,37358,8,1248,157,32.082033,34.820663,תל אביב מרכז,61,2512,
29401,37350,18,5874,539,32.159868,34.810438,השלום,501 502 600 601 602 605 606 607 615 616 700 702 703 784 808 825 826 827 832 834 836 840 843 845 846 848 852 853 872 900 909 91 910,5197 12825 697 700 701 702 704 705 706 712 713 714 715 719 720 722 13076 13077 13079 13097 13098 13111 13112 7099 13343 13344 13346 13347 5193 5194 5196 5200 5202 5203 5204 5207 7100 5286 5288 5290 5291 5297 5311 5312 13663 13664 13678 7079 7083 7085 14034 7178 7185 5195 13492 5201 7187 7188 7061 7076 7081 7086 16888 7154 7155 7162 7168 7174 7179 7192 5287 15568 15570 16352,
15314,37358,29,312,9,31.968184,34.898215,תל אביב מרכז,462,10951,
12866,37358,11,1101,95,32.065220,34.809092,תל אביב מרכז,55 58,976 977 978 2960,
29336,37358,7,102,14,32.111697,34.792203,תל אביב מרכז,123,16748,
13169,37292,13,821,83,32.055241,34.810045,תל אביב ההגנה,104,9793 9794,
13821,37350,12,431,46,32.073809,34.800651,השלום,54,10276 11963,
29439,37360,21,1360,178,32.153179,34.842138,תא אוניברסיטה,230 247 47 48 521,7699 5213 7701 7702 7703 7721 7727,
13257,37358,22,336,28,32.040172,34.775255,תל אביב מרכז,11,2309,
12982,37350,4,177,35,32.069427,34.802568,השלום,278 463 472 473,16796 17054 14553 2951,
14285,37360,28,824,110,32.166805,34.839199,תא אוניברסיטה,230 247 48,7701 7702 7703 7721 7727,
13154,37360,10,1015,84,32.086373,34.795498,תא אוניברסיטה,22 220 45 521,5212 9825 9826 10263 2467,
13306,37350,15,1118,127,32.096300,34.775958,השלום,239,9818,
13423,37358,29,336,28,32.044520,34.767026,תל אביב מרכז,11,2309,
14273,37360,20,860,110,32.150522,34.841082,תא אוניברסיטה,230 247 48 521,5213 7701 7702 7703 7721 7727,
15848,37350,21,160,20,32.034194,34.847137,השלום,59 74,986 997,
13130,37350,3,3369,266,32.065464,34.792625,השלום,21 239 54 59 7,9819 986 10276 16075 2276 2277 11963,
14095,37360,17,308,23,32.123186,34.790766,תא אוניברסיטה,13,2318 2317,
14187,37360,17,1241,127,32.117211,34.833962,תא אוניברסיטה,22 89,9827 9785 9786 9828,
12849,37292,18,2873,451,32.093914,34.775082,תל אביב ההגנה,104 174 204 416,13553 13552 9791 9792 9816 2946 3331,
13200,37350,8,171,26,32.060485,34.806281,השלום,278 472 473,16796 17054 14553,
14339,37358,0,8504,731,32.081106,34.797716,תל אביב מרכז,1 140 169 186 250 285 286 288 350 386 466 50 504 51 524 525 531 561 565 567 571 641 642 68 921,13113 13116 13117 987 1041 9254 9255 9256 9266 9275 9281 9284 9287 5208 5218 5219 5224 5225 13429 5248 5266 13650 13655 2775 14032 7199 9253 9267 9282 2488 2492 5215 2711 5237 5240 5251 2953 2955 7193 13494 9272 11783 11784 7198 9265 9273 9285 5236 16339,
12901,37358,12,7331,572,32.092813,34.837923,תל אביב מרכז,1 140 169 350 50 504 51 561 565 567 568 571 627 641 68 69 819 871 921,13118 13119 13120 13121 13122 993 1043 5209 13428 5242 5252 5253 5254 5255 5258 5269 5300 5308 13652 13656 13657 13658 994 989 2485 2486 2487 2489 2490 1042 10960 11012 11013 5249 2954 7200 7201 11777 11782 6794 2712,
13359,37360,1,2920,220,32.109701,34.807020,תא אוניברסיטה,266 289 45 7,9823 2276 2467 16216,
14530,37292,11,36,23,32.071828,34.781736,תל אביב ההגנה,174,13553 13552 3331,
14549,37292,14,736,59,32.073475,34.787453,תל אביב ההגנה,21,16075,
13818,37350,20,583,37,32.066351,34.807705,השלום,23,2358,
13654,37360,14,326,40,32.083463,34.774148,תא אוניברסיטה,22,9825 9826,
13596,37358,7,1345,80,32.079416,34.780372,תל אביב מרכז,149 248 249 282 347 349,2778 15107 15117 10120 10934 7719 7720,
14324,37292,15,2539,359,32.067628,34.765001,תל אביב ההגנה,16 304 31 331,2415 2323 2416 2418 15747,
37603,37350,11,486,53,32.056413,34.779452,השלום,68,987,13281
14537,37358,0,320,26,32.083488,34.799304,תל אביב מרכז,11,2308,
29433,37360,26,824,110,32.162222,34.835294,תא אוניברסיטה,230 247 48,7701 7702 7703 7721 7727,
795,37350,17,65,26,32.092833,34.851667,השלום,186,9252 9251 11842,
13578,37350,4,2135,227,32.069956,34.780692,השלום,23 63,2358 2517,
29327,37358,13,686,42,32.062645,34.808556,תל אביב מרכז,58,2960,
38393,37358,28,96,6,31.964250,34.900832,תל אביב מרכז,462,121,
13197,37350,17,155,20,32.038480,34.828141,השלום,59,986,
13533,37350,10,2281,265,32.060204,34.779099,השלום,20 350 50 51,2488 2492 2955 16074,
13606,37292,0,5641,749,32.054146,34.787909,תל אביב ההגנה,104 16 204 21 304 416 54,9791 9792 9816 10276 16075 2323 2946 15747 11963,
13209,37360,8,609,56,32.106565,34.794261,תא אוניברסיטה,25 45,2380 2467,
37685,37358,9,1329,70,32.055818,34.779424,תל אביב מרכז,501 502,5189 5198 13491 13648,12961
13242,37360,13,627,41,32.108001,34.835243,תא אוניברסיטה,137 266,1022 16214,
14477,37358,6,3046,308,32.090742,34.821915,תל אביב מרכז,140 141 240 278 40,13579 9821 1968 2444 2714 2712,
13738,37292,19,1057,80,32.102345,34.783987,תל אביב ההגנה,26,13473 9842,
13225,37292,1,1252,129,32.054768,34.791617,תל אביב ההגנה,104 54,9793 9794 10276 11963,
13348,37360,1,4531,380,32.104752,34.810953,תא אוניברסיטה,12 189 22 220 266 389 40 521 8 89,9827 13580 13769 9785 9786 9811 9828 10262 16076 2313 2450 5213 16214,
13218,37358,12,1774,200,32.073724,34.825027,תל אביב מרכז,61,2512 2513 2514,
25349,37358,21,149,15,32.095896,34.873069,תל אביב מרכז,38 51,2440 10960,
36894,37358,4,656,88,32.054875,34.780120,תל אביב מרכז,825,13342,14593
35694,37350,27,156,21,32.067954,34.902996,השלום,472 473,16796 14553,
22099,37358,18,7038,553,32.091655,34.866547,תל אביב מרכז,1 150 166 211 251 38 466 50 51 561 571 627 641 82 871 921,13118 13119 13120 13121 13122 13428 5242 5269 5308 13652 2440 2485 2486 2487 2489 2490 2566 2724 2738 10960 11012 11013 2952 7200 7201 2776 11777 11782 10908,
13597,37360,17,2472,169,32.076489,34.781611,תא אוניברסיטה,189 289 389 570 89,13768 9788 9789 9813 9824 5259,
13222,37360,1,1409,183,32.103841,34.809056,תא אוניברסיטה,137 230 247 47 48 521 570,1022 7699 5260 5261 1021 5213 7701 7702 7703 7721 7727,
13061,37350,7,155,20,32.055941,34.791859,השלום,59,986,
13841,37350,10,1071,141,32.078094,34.814852,השלום,160,9805,
12830,37350,8,429,59,32.059082,34.809867,השלום,278 472 473 56 599 74,16796 17054 980 981 997 14553 10498,
16792,37358,26,215,25,32.077890,34.852043,תל אביב מרכז,169 69,993 1043 994 1042,
13607,37292,0,5763,785,32.054312,34.787996,תל אביב ההגנה,104 16 20 204 304 416 54,9793 9794 9817 10276 2324 2947 15745 15748 11963 16074,
12999,37350,6,2633,207,32.059696,34.792069,השלום,239 54 59 7,9819 986 10276 2276 2277 11963,
24210,37358,23,505,49,32.065540,34.850598,תל אביב מרכז,68,989,
24693,37358,30,33,0,32.074571,34.882996,תל אביב מרכז,350,2954,
14017,37358,19,1774,200,32.067344,34.836377,תל אביב מרכז,61,2512 2513 2514,
15594,37358,22,2798,192,32.089958,34.882744,תל אביב מרכז,1,13428,
13609,37350,8,1167,105,32.053996,34.789974,השלום,21 54,10276 16075 11963,
13489,37292,11,1637,216,32.072602,34.765883,תל אביב ההגנה,16 304,2323 15747,
15855,37358,25,1303,87,32.080041,34.884193,תל אביב מרכז,82,2566,
13321,37350,5,4142,555,32.059809,34.784515,השלום,141 160 169 186 250 285 286 288 386 463 472 473 51 60,16797 1041 9254 9255 9256 9266 9275 9281 9284 9287 2775 9804 14554 9253 9267 2492 2508 2713 2950 9272 9265 9273 16339,
29377,37360,26,154,9,32.122464,34.796594,תא אוניברסיטה,113,12299,
15218,37350,24,759,37,32.227027,34.830704,השלום,601 606 616,700 701 702 719 720 15568,
14117,37360,26,55,10,32.139571,34.792952,תא אוניברסיטה,13,2318,
13781,37292,12,1170,209,32.049171,34.807199,תל אביב ההגנה,16,2324,
13039,37358,20,607,44,32.085773,34.839150,תל אביב מרכז,45,2467,
24015,37350,25,1499,103,32.025959,34.749653,השלום,240,9822,
14349,37360,5,2361,184,32.113879,34.801547,תא אוניברסיטה,289 45 7,9823 2276 2467,
14122,37360,10,462,32,32.119713,34.800266,תא אוניברסיטה,113 13,12299 2318 2317,
24291,37358,15,305,15,32.104812,34.878972,תל אביב מרכז,38,2439 2440,
13110,37292,4,4468,632,32.059059,34.774284,תל אביב ההגנה,104 16 204 304,9791 9792 9816 2323 15747,
13575,37350,5,1552,190,32.071428,34.778882,השלום,63,2517,
12823,37350,0,3678,244,32.073112,34.792974,השלום,140 177 21 23 239 270 278 279 280 472 473 502 56 599 74 91,50 16796 15810 17054 980 13617 9819 981 997 16075 14553 10498 2358 2711 3379 11678 16353,
14271,37360,24,824,110,32.161401,34.840158,תא אוניברסיטה,230 247 48,7701 7702 7703 7721 7727,
14205,37360,16,2143,168,32.114225,34.841354,תא אוניברסיטה,12 189 22 220 389 8 89,13769 9785 9786 9811 9828 10262 16076 2313,
36895,37358,6,457,72,32.054875,34.780120,תל אביב מרכז,800 840 845 849,13349 7114 7177 16302,14593
13593,37350,4,735,59,32.071922,34.781961,השלום,20,16074,
13538,37360,27,827,65,32.055937,34.781939,תא אוניברסיטה,89,9788 9789,
13852,37292,18,569,92,32.054092,34.823106,תל אביב ההגנה,31,2419 2420,
13785,37350,8,1349,61,32.057897,34.800536,השלום,239 279 91,9819 11678 16353,
14176,37350,22,210,0,32.165925,34.811235,השלום,91,16352,
14056,37358,12,268,26,32.088345,34.838894,תל אביב מרכז,140,2712,
13862,37350,22,1693,193,32.061888,34.821958,השלום,63,2519,
29319,37358,14,686,42,32.064580,34.806910,תל אביב מרכז,58,2960,
25076,37350,26,250,30,32.063245,34.861760,השלום,56,980 981,
15522,37358,29,288,12,32.083065,34.897827,תל אביב מרכז,166,2738,
14590,37360,14,1623,116,32.087632,34.782349,תא אוניברסיטה,189 25 289 389,13768 9813 9824 2380,
13174,37358,9,1398,150,32.087546,34.828113,תל אביב מרכז,240,9821,
13229,37360,2,2920,220,32.115503,34.807217,תא אוניברסיטה,266 289 45 7,9823 2276 2467 16216,
13054,37360,30,154,9,32.119043,34.801869,תא אוניברסיטה,113,12299,
13531,37358,28,2528,352,32.060228,34.777929,תל אביב מרכז,5,2259 2260,
14350,37360,7,640,40,32.121324,34.803470,תא אוניברסיטה,49,2482,
16211,37358,15,30,0,32.092330,34.847946,תל אביב מרכז,169,1043 1042,
13561,37350,7,1118,127,32.075423,34.775128,השלום,239,9818,
13815,37350,8,1693,193,32.070994,34.802153,השלום,63,2519,
13099,37360,4,2791,183,32.106049,34.819430,תא אוניברסיטה,12 137 189 266 389 40 8,1022 13769 9811 1021 16076 2313 2450 16214,
14207,37360,18,521,42,32.116632,34.840550,תא אוניברסיטה,22,9827 9828,
13545,37358,13,95,8,32.067539,34.771291,תל אביב מרכז,282,2778,
29678,37358,0,5557,474,32.083220,34.795828,תל אביב מרכז,173 227 275 277 302 304 389 421 471 480 481 482 483 83,12592 5156 12810 12811 12812 12813 12814 7033 9508 9509 13637 3174 9874 9875 15985 15986 12591 5154 14579 14580 3172 3365 10958 11010 11011 13449 13450 7017 7018 7020 7023 7024 7026 7027 7028 7030 15337 3170 3173 11537 15987 15988 16254,
15803,37358,30,288,12,32.082174,34.900343,תל אביב מרכז,166,2738,
13660,37292,17,2873,451,32.092021,34.774509,תל אביב ההגנה,104 174 204 416,13553 13552 9791 9792 9816 2946 3331,
13037,37358,22,607,44,32.081090,34.841288,תל אביב מרכז,45,2467,
15372,37358,29,96,6,31.961905,34.899405,תל אביב מרכז,462,121,
13461,37358,30,336,28,32.047370,34.765681,תל אביב מרכז,11,2309,
37534,37350,8,1071,147,32.056160,34.779269,השלום,60,2508,13527
14097,37360,8,462,32,32.118773,34.795283,תא אוניברסיטה,113 13,12299 2318 2317,
14181,37360,20,810,80,32.114414,34.833655,תא אוניברסיטה,22 89,9827 9786 9828,
13865,37292,19,569,92,32.057417,34.827414,תל אביב ההגנה,31,2419 2420,
22021,37358,28,623,72,32.101706,34.897611,תל אביב מרכז,211 561 571 921,13118 13119 13120 13121 13122 5242 5269 13652 11012 11013 7200 7201 10908,
14024,37350,16,1150,111,32.073263,34.833154,השלום,60,2509,
13503,37350,10,2844,241,32.059498,34.767261,השלום,240 40,13580 9822 2450,
13715,37358,9,2848,378,32.090835,34.783275,תל אביב מרכז,11 5,2259 2260 2308,
13299,37292,10,2837,428,32.073049,34.768348,תל אביב ההגנה,104 204 416,9791 9792 9816 2946,
13547,37350,8,583,37,32.069167,34.773496,השלום,23,2358,
13057,37350,2,1870,131,32.076580,34.796208,השלום,21 54 59 7,985 10276 16075 2275,
13245,37360,13,2141,169,32.108777,34.835807,תא אוניברסיטה,12 137 189 22 389 8 89,1022 13769 9785 9786 9811 9828 16076 2313,
13303,37292,14,2837,428,32.081810,34.770810,תל אביב ההגנה,104 204 416,9791 9792 9816 2946,
13263,37350,10,429,59,32.058561,34.815361,השלום,278 472 473 56 599 74,16796 17054 980 981 997 14553 10498,
13087,37360,14,2377,217,32.105153,34.827828,תא אוניברסיטה,137 22 266 40,1022 9827 13580 1021 2450 16214,
24282,37358,26,333,24,32.102659,34.873296,תל אביב מרכז,38 466 51,2439 2440 10960 2952,
13595,37360,18,2472,169,32.074469,34.781835,תא אוניברסיטה,189 289 389 570 89,13768 9788 9789 9813 9824 5259,
14101,37350,14,881,28,32.113103,34.797160,השלום,274,13554 3382,
13405,37350,20,1201,80,32.040295,34.762819,השלום,7,2276 2277,
13317,37350,13,240,30,32.094716,34.783474,השלום,56,979,
13113,37350,0,2939,223,32.071549,34.794117,השלום,131 239 54 59 7,9818 985 10276 2275 15906 11963,
12946,37358,4,155,20,32.078868,34.788580,תל אביב מרכז,59,986,
12896,37350,9,240,30,32.086336,34.781859,השלום,56,979,
13569,37358,23,2528,352,32.065683,34.777264,תל אביב מרכז,5,2259 2260,
13571,37350,7,583,37,32.068443,34.776696,השלום,23,2358,
13634,37350,4,250,36,32.074017,34.783511,השלום,278 56,17055 979,
24687,37358,27,33,0,32.074819,34.872467,תל אביב מרכז,350,2954,
13237,37358,1,2831,343,32.079578,34.795183,תל אביב מרכז,140 169 186 285 286 288 350 386 466 50 51 68,987 1041 9254 9255 9256 9266 9275 9281 9284 9287 9253 9267 2488 2492 2711 2953 2955 9272 9265 9273 16339,
13475,37350,11,2844,241,32.058083,34.764502,השלום,240 40,13580 9822 2450,
25367,37358,24,33,0,32.073056,34.859660,תל אביב מרכז,350,2954,
29399,37360,7,756,29,32.113563,34.807595,תא אוניברסיטה,289,9824,
16116,37358,19,178,0,32.096362,34.860507,תל אביב מרכז,38,2439,
13411,37358,25,336,28,32.039042,34.766635,תל אביב מרכז,11,2309,
13410,37350,22,1201,80,32.039165,34.766413,השלום,7,2276 2277,
25122,37350,26,160,20,32.026106,34.858495,השלום,59 74,986 997,
13732,37358,6,320,26,32.091092,34.794360,תל אביב מרכז,11,2308,
12997,37360,21,2428,169,32.069552,34.784675,תא אוניברסיטה,189 289 570 89,9788 9789 9813 9824 5259,
16793,37358,26,215,25,32.079888,34.852253,תל אביב מרכז,169 69,993 1043 994 1042,
13243,37360,13,627,41,32.110144,34.837676,תא אוניברסיטה,137 266,1022 16214,
37604,37350,9,30,0,32.056413,34.779452,השלום,169 73,1041 1051,13281
12902,37350,18,1098,37,32.113434,34.800980,השלום,127 279 7,2275 2699 2701 11677 2702,
12992,37292,8,1170,209,32.053532,34.798842,תל אביב ההגנה,16,2324,
12875,37350,3,273,38,32.070417,34.801416,השלום,278 56 599 74,17054 980 981 997 10498,
25274,37358,20,1319,87,32.086123,34.868376,תל אביב מרכז,51 82,2490 2566,
13125,37358,0,2459,177,32.082684,34.796344,תל אביב מרכז,20 21 412 500 58,16075 11943 2959 15544 16074 15545,
24285,37358,25,333,24,32.101205,34.874402,תל אביב מרכז,38 466 51,2439 2440 10960 2952,
24929,37358,30,454,27,32.121637,34.903399,תל אביב מרכז,627 641,11777 11782,
23316,37350,23,409,54,32.069435,34.859608,השלום,472 473 56 599,16796 980 981 14553 10498,
29581,37350,19,3575,388,32.186964,34.815371,השלום,600 601 602 605 606 607 616 702 703 784 808 825 826 827 834 836 840 843 845 846 848 852 853 872,12825 697 700 701 702 704 705 706 713 714 719 720 722 13076 13077 13079 13097 13098 13343 13344 13346 13347 5288 5290 5291 5297 5311 5312 13663 13664 7079 7083 7085 14034 7178 7061 7076 7081 7086 16888 7154 7155 7162 7168 7174 7179 15568,
37686,37358,10,262,1,32.055818,34.779424,תל אביב מרכז,504 532,5208 5228,12961
24214,37358,22,190,21,32.079730,34.850438,תל אביב מרכז,169 69,993 1043 1042,
14131,37350,13,852,40,32.124678,34.802192,השלום,171,13479 13697 9872,
12832,37350,11,140,17,32.082907,34.793513,השלום,59,985,
29483,37350,2,7062,532,32.066166,34.786691,השלום,1 240 40 42 50,13429 13580 9822 2450 2457 2488,
13095,37350,4,3369,266,32.061469,34.792128,השלום,21 239 54 59 7,9819 986 10276 16075 2276 2277 11963,
14269,37360,17,1324,178,32.145491,34.838310,תא אוניברסיטה,230 247 47 48,7699 7701 7702 7703 7721 7727,
13049,37360,7,647,60,32.108106,34.801446,תא אוניברסיטה,289,9823,
13159,37292,20,602,92,32.059453,34.828103,תל אביב ההגנה,31 331,2419 2420 2422,
21703,37292,26,36,0,31.945240,34.837587,תל אביב ההגנה,159,13814 13815,
13028,37360,14,2141,169,32.110701,34.837899,תא אוניברסיטה,12 137 189 22 389 8 89,1022 13769 9785 9786 9811 9828 16076 2313,
13628,37292,2,1252,129,32.058255,34.791867,תל אביב ההגנה,104 54,9793 9794 10276 11963,
12932,37350,1,13946,1377,32.071436,34.789770,השלום,1 127 141 160 169 186 23 240 250 285 286 288 350 386 40 42 463 472 473 50 51 599 60 63 68 73,16797 987 1041 1051 9254 9255 9256 9266 9275 9281 9284 9287 13429 13580 2775 9804 9822 14554 9253 10497 9267 2358 2450 2457 2488 2492 2508 2517 2695 2697 2698 2713 2950 2955 9272 9265 9273 16339,
13148,37358,16,594,23,32.050674,34.773920,תל אביב מרכז,173,9874,
13958,37358,7,3401,230,32.093100,34.816503,תל אביב מרכז,142 42 524 525 531 75 76,9849 5217 5221 5226 5227 5222 13649 9802 9852 2454,
13092,37292,5,1987,188,32.062878,34.792015,תל אביב ההגנה,104 20 54,9793 9794 10276 11963 16074,
13698,37292,23,2831,416,32.098858,34.779322,תל אביב ההגנה,104 204,9791 9792 9816,
16293,37358,26,333,24,32.101172,34.872643,תל אביב מרכז,38 466 51,2439 2440 10960 2952,
37245,37358,8,1273,144,32.096172,34.871470,תל אביב מרכז,38 51,2440 2489 10960,
15413,37350,28,170,12,31.829286,34.685159,השלום,280,50,
13098,37350,16,155,20,32.043877,34.816814,השלום,59,986,
29478,37358,4,2528,352,32.093781,34.794542,תל אביב מרכז,5,2259 2260,
29490,37360,13,326,40,32.085447,34.774626,תא אוניברסיטה,22,9825 9826,
22066,37358,30,280,36,31.952138,34.954827,תל אביב מרכז,101 104 107 111,11168 15252 11178 11338,
37676,37358,11,948,33,32.055818,34.779424,תל אביב מרכז,600 605 615,696 711 15569,12961
14145,37350,23,44,0,32.126861,34.821215,השלום,127,2699 2701,
16779,37358,22,215,25,32.077850,34.850053,תל אביב מרכז,169 69,993 1043 994 1042,
13228,37350,6,1323,96,32.068647,34.778415,השלום,20 23 73,1051 2358 16074,
13764,37360,11,1261,89,32.109531,34.798459,תא אוניברסיטה,113 7,12299 2276,
15868,37358,27,1303,87,32.076819,34.885320,תל אביב מרכז,82,2566,
13212,37360,2,154,9,32.104215,34.794430,תא אוניברסיטה,113,12299,
14057,37358,12,268,26,32.091583,34.839480,תל אביב מרכז,140,2712,
14607,37350,30,3458,432,32.261417,34.838116,השלום,601 602 606 607 616 702 703 784 808 825 826 827 832 834 836 840 843 845 846 848 852 853 872 909 910,12825 700 701 702 704 705 706 719 720 722 13076 13077 13079 13097 13098 13111 13112 7099 13343 13344 13346 13347 7100 5288 5290 5291 5297 5311 5312 13663 13664 13678 7079 7083 7085 14034 7178 7187 7188 7061 7076 7081 7086 16888 7154 7155 7162 7168 7174 7179 7192 15568,
24297,37358,25,32,0,32.089029,34.884927,תל אביב מרכז,150,2724,
14322,37350,17,1552,190,32.067544,34.765254,השלום,63,2517,
13592,37350,5,1118,127,32.073957,34.779383,השלום,239,9818,
13895,37350,18,1699,202,32.071997,34.823049,השלום,463 63,2519 2951,
12914,37292,15,36,23,32.079545,34.777978,תל אביב ההגנה,174,13553 13552 3331,
13582,37350,7,1552,190,32.073756,34.775586,השלום,63,2517,
661,37350,30,814,44,32.280117,34.852301,השלום,601 602 605,700 701 704 706 712 713 714 715,
13804,37292,14,821,83,32.057488,34.811478,תל אביב ההגנה,104,9793 9794,
14538,37358,2,320,26,32.087355,34.801009,תל אביב מרכז,11,2308,
16207,37358,18,5013,390,32.091089,34.872492,תל אביב מרכז,1 150 166 211 50 51 561 571 627 641,13428 5242 5269 13652 2485 2486 2489 2724 2738 11777 11782 10908,
13016,37292,26,602,92,32.073636,34.824916,תל אביב ההגנה,31 331,2419 2420 2422,
12903,37350,9,830,50,32.080094,34.788557,השלום,59 7,985 2275,
16315,37358,22,294,21,32.086516,34.878340,תל אביב מרכז,166 466,2738 2952,
13114,37292,5,3112,428,32.061576,34.773542,תל אביב ההגנה,104 204 304 416,9791 9792 9816 2946 15747,
13838,37358,9,607,44,32.077020,34.813721,תל אביב מרכז,45,2467,
12929,37292,19,1170,209,32.054438,34.810845,תל אביב ההגנה,16,2324,
38946,37350,3,3432,201,32.081830,34.795792,השלום,101 103 104 105 107 111 112 173 177 280 412 454 458 460 462 500 7 83,12353 51 15811 9009 10954 9875 11945 11275 2275 3172 10952 13449 11169 11179 11200 11339 11341 3170 15253 11937 11944 15545,
13642,37350,28,583,37,32.068221,34.798779,השלום,23,2358,
29635,37358,8,1359,141,32.082929,34.777037,תל אביב מרכז,10,2299,
21699,37292,24,36,0,31.939319,34.834590,תל אביב ההגנה,159,13814 13815,
13919,37358,3,4054,272,32.086969,34.805391,תל אביב מרכז,142 42 524 525 531 58 75 76,9849 5217 5221 5226 5227 5222 13649 9802 9852 2454 2959,
13904,37350,13,1150,111,32.074626,34.825440,השלום,60,2509,
13311,37358,10,1359,141,32.082563,34.771298,תל אביב מרכז,10,2299,
13240,37358,8,1347,131,32.095909,34.821632,תל אביב מרכז,141 40,13579 2444 2714,
13294,37350,10,583,37,32.065557,34.772173,השלום,23,2358,
13238,37350,9,830,50,32.082367,34.788870,השלום,59 7,985 2275,
13419,37358,21,930,51,32.039365,34.769639,תל אביב מרכז,11 173,9874 2309,
13084,37292,5,1362,216,32.062167,34.773354,תל אביב ההגנה,16,2323,
13082,37292,8,3776,597,32.045203,34.808983,תל אביב ההגנה,16 204 304 416,9817 2324 2947 15745 15748,
23257,37350,20,409,54,32.067454,34.848717,השלום,472 473 56 599,16796 980 981 14553 10498,
13223,37350,8,740,59,32.064058,34.775306,השלום,20 73,1051 16074,
12814,37358,5,1997,246,32.079786,34.787792,תל אביב מרכז,18,2332 2334 2335,
13470,37358,22,3356,387,32.057422,34.759976,תל אביב מרכז,10 18,2299 2332 2334 2335,
13048,37358,9,1774,189,32.079232,34.825057,תל אביב מרכז,61,2512 2514,
14100,37360,5,462,32,32.112891,34.797161,תא אוניברסיטה,113 13,12299 2318 2317,
15317,37292,19,48,1,31.972993,34.894894,תל אביב ההגנה,474,10978,
13112,37292,8,2606,388,32.049042,34.813795,תל אביב ההגנה,204 304 416,9817 2947 15745 15748,
13124,37360,3,559,36,32.117415,34.804118,תא אוניברסיטה,266,16216,
29485,37358,29,746,49,32.043293,34.752902,תל אביב מרכז,83,13637 3174 13450 3173,
36541,37350,9,262,24,32.056413,34.779452,השלום,127 250 472 473,16797 2775 14554 2695 2697 2698,13281
29499,37350,29,210,0,32.161693,34.797063,השלום,91,16352,
13244,37360,11,627,41,32.112816,34.839688,תא אוניברסיטה,137 266,1022 16214,
13516,37292,7,902,143,32.062920,34.773129,תל אביב ההגנה,31 331,2415 2416 2418,
13820,37350,10,431,46,32.070466,34.807074,השלום,54,10276 11963,
13135,37360,9,466,75,32.107916,34.827247,תא אוניברסיטה,40,13580,
14129,37360,29,154,9,32.122942,34.802614,תא אוניברסיטה,113,12299,
13734,37350,15,690,33,32.094208,34.793084,השלום,7,2275,
15220,37350,24,759,37,32.221494,34.829467,השלום,601 606 616,700 701 702 719 720 15568,
16212,37358,18,635,47,32.092211,34.860307,תל אביב מרכז,211 561 571 641,5242 5269 13652 11782 10908,
12989,37350,6,563,57,32.061051,34.779749,השלום,127 68,987 2695 2697 2698,
13615,37292,2,3776,597,32.048306,34.793218,תל אביב ההגנה,16 204 304 416,9817 2324 2947 15745 15748,
14018,37350,20,1156,120,32.067572,34.838128,השלום,463 60,2509 2951,
16199,37358,21,3092,213,32.090522,34.877033,תל אביב מרכז,1 166 466,13428 2738 2952,
12944,37360,0,1860,113,32.106452,34.802653,תא אוניברסיטה,113 13 25 289 49,12299 9824 2318 2380 2482 2317,
13837,37358,6,686,42,32.076570,34.808117,תל אביב מרכז,58,2960,
14113,37350,14,852,40,32.124059,34.797914,השלום,171,13479 13697 9872,
13267,37350,11,1504,81,32.047975,34.799331,השלום,239 279 59 91,9819 986 11678 16353,
37677,37358,11,570,36,32.055818,34.779424,תל אביב מרכז,601,698 699,12961
13173,37350,7,583,37,32.059318,34.802950,השלום,23,2358,
25091,37350,18,409,54,32.065608,34.843957,השלום,472 473 56 599,16796 980 981 14553 10498,
13060,37350,2,1566,109,32.078848,34.798162,השלום,21 59 7,985 16075 2275,
23002,37358,29,202,13,31.954936,34.905270,תל אביב מרכז,460 464,10953 10983,
38945,37350,3,1566,109,32.080440,34.797384,השלום,21 59 7,985 16075 2275,
13059,37358,4,891,79,32.078725,34.798279,תל אביב מרכז,21 59,986 16075,
24012,37350,26,5323,409,32.026734,34.745833,השלום,1 40 42,13429 13580 2450 2457,
13408,37358,26,336,28,32.039371,34.764360,תל אביב מרכז,11,2309,
15464,37350,30,240,30,32.050421,34.864219,השלום,56 74,980 997,
13680,37292,13,1057,80,32.087089,34.782004,תל אביב ההגנה,26,13473 9842,
13143,37358,7,77,3,32.076735,34.787868,תל אביב מרכז,100,2628,
13418,37350,18,1201,80,32.040798,34.767368,השלום,7,2276 2277,
16329,37358,26,55,0,32.092182,34.888579,תל אביב מרכז,251,2776,
13232,37360,3,231,12,32.105457,34.800019,תא אוניברסיטה,100 113,12299 2628,
13051,37350,10,852,40,32.113961,34.801274,השלום,171,13479 13697 9872,
12981,37292,7,2606,388,32.046348,34.813552,תל אביב ההגנה,204 304 416,9817 2947 15745 15748,
14153,37360,13,543,42,32.122300,34.826654,תא אוניברסיטה,22 220,9827 9828 10262,
13184,37360,24,308,23,32.132404,34.795697,תא אוניברסיטה,13,2318 2317,
13431,37350,15,1201,80,32.041224,34.776025,השלום,7,2276 2277,
13325,37292,6,5376,787,32.064609,34.772475,תל אביב ההגנה,104 16 204 304 31 331 416,9791 9792 9816 2415 2323 2416 2418 2946 15747,
23894,37292,25,36,0,31.941434,34.834331,תל אביב ההגנה,159,13814 13815,
13574,37350,5,735,59,32.071059,34.779155,השלום,20,16074,
13720,37350,12,690,33,32.089073,34.790121,השלום,7,2275,
29486,37358,28,746,49,32.045499,34.754740,תל אביב מרכז,83,13637 3174 13450 3173,
23380,37358,29,55,0,32.096984,34.897209,תל אביב מרכז,251,2776,
24020,37350,23,6822,512,32.029896,34.750498,השלום,1 240 40 42,13429 13580 9822 2450 2457,
13816,37350,20,583,37,32.066064,34.804190,השלום,23,2358,
13511,37350,9,2844,241,32.060615,34.771841,השלום,240 40,13580 9822 2450,
13188,37358,17,1767,118,32.067123,34.840007,תל אביב מרכז,350 68 70,989 2544 2545 2954,
13717,37292,15,1057,80,32.093619,34.783271,תל אביב ההגנה,26,13473 9842,
13687,37358,12,2848,378,32.092219,34.776797,תל אביב מרכז,11 5,2259 2260 2308,
12888,37358,9,1101,95,32.067859,34.808564,תל אביב מרכז,55 58,976 977 978 2960,
25123,37358,25,1434,94,32.050923,34.849426,תל אביב מרכז,169 69 70,993 994 2544 2545 1042,
24044,37292,11,48,0,32.022486,34.754612,תל אביב ההגנה,141,2713,
14352,37360,10,640,40,32.119045,34.812357,תא אוניברסיטה,49,2482,
36892,37358,5,551,74,32.054875,34.780120,תל אביב מרכז,826,13073 7072 15123,14593
38936,37350,0,458,39,32.072546,34.792544,השלום,140 177 280,51 15811 2712,
13639,37350,26,583,37,32.063615,34.799149,השלום,23,2358,
14011,37360,15,431,47,32.111196,34.831875,תא אוניברסיטה,89,9785,
15349,37292,29,48,1,31.957465,34.877036,תל אביב ההגנה,474,10978,
13707,37358,4,1359,141,32.084225,34.786407,תל אביב מרכז,10,2299,
23322,37358,8,1273,144,32.097137,34.875865,תל אביב מרכז,38 51,2440 2489 10960,
14005,37360,8,521,42,32.110875,34.825541,תא אוניברסיטה,22,9827 9828,
13476,37358,20,3433,390,32.063276,34.763648,תל אביב מרכז,10 100 18,2299 2332 2334 2335 2628,
12876,37350,30,583,37,32.071417,34.797494,השלום,23,2358,
13081,37292,4,2606,388,32.046062,34.804024,תל אביב ההגנה,204 304 416,9817 2947 15745 15748,
12931,37358,8,1774,189,32.079364,34.821279,תל אביב מרכז,61,2512 2514,
13421,37350,17,1201,80,32.040374,34.770306,השלום,7,2276 2277,
24037,37292,12,48,0,32.021638,34.757273,תל אביב ההגנה,141,2713,
16795,37358,21,215,25,32.077862,34.847627,תל אביב מרכז,169 69,993 1043 994 1042,
13542,37360,22,370,40,32.071467,34.769689,תא אוניברסיטה,22 389,13768 9825 9826,
25387,37358,16,1460,111,32.092317,34.859126,תל אביב מרכז,38 466 627 82,2440 2566 2952 11777,
24787,37358,28,295,4,31.969931,34.843346,תל אביב מרכז,454 458,16491 9436 11936 16323,
13684,37350,12,1118,127,32.091444,34.776012,השלום,239,9818,
13635,37358,4,775,64,32.075622,34.784789,תל אביב מרכז,149 248 282 349,2778 15107 15117 7719 7720,
14029,37358,17,2928,329,32.074947,34.837139,תל אביב מרכז,140 161 240,9807 9821 2712,
14130,37360,28,154,9,32.124866,34.802158,תא אוניברסיטה,113,12299,
13235,37360,19,308,23,32.127937,34.788877,תא אוניברסיטה,13,2318 2317,
14357,37350,17,583,37,32.067171,34.765203,השלום,23,2358,
16278,37358,27,304,12,32.088098,34.893333,תל אביב מרכז,166 51,2490 2738,
13397,37350,19,3978,271,32.043375,34.757623,השלום,1 42,13429 2457,
15290,37292,30,48,1,31.957812,34.879842,תל אביב ההגנה,474,10978,
13471,37350,12,2844,241,32.057252,34.762220,השלום,240 40,13580 9822 2450,
13773,37350,9,1349,61,32.054701,34.800372,השלום,239 279 91,9819 11678 16353,
13927,37358,3,3036,353,32.080908,34.812014,תל אביב מרכז,161 61,9807 2512 2513 2514,
16480,37358,29,1448,97,32.077922,34.890627,תל אביב מרכז,350 50 82,2485 2486 2566 2954,
13647,37350,13,431,46,32.074578,34.798057,השלום,54,10276 11963,
16394,37358,28,112,10,32.081172,34.889191,תל אביב מרכז,50,2485 2486,
13689,37350,13,1118,127,32.093454,34.776494,השלום,239,9818,
13202,37360,8,756,29,32.111325,34.807491,תא אוניברסיטה,289,9824,
15605,37358,16,178,0,32.096971,34.852915,תל אביב מרכז,38,2439,
13067,37360,8,3028,244,32.095157,34.794466,תא אוניברסיטה,100 22 220 25 45 521 7 89,5212 9788 9789 9825 9826 10263 2276 2380 2467 2628,
12828,37350,14,1012,96,32.065179,34.803046,השלום,23 278 472 473 56 599 74,16796 17054 980 981 997 14553 10498 2358,
16790,37358,28,215,25,32.073499,34.853557,תל אביב מרכז,169 69,993 1043 994 1042,
38942,37358,1,4689,292,32.083805,34.803192,תל אביב מרכז,142 42 504 524 525 531 561 565 567 568 571 75 76 819,9849 5209 5217 5221 5226 5227 5242 5252 5253 5254 5255 5258 5269 5222 5300 13649 13652 13656 13657 13658 9802 9852 2454 5249 6794,
13072,37350,12,889,39,32.103347,34.795489,השלום,159 271 454,13699 13482 13481 13698 13817 9877 9878 16324,
13915,37358,0,7539,684,32.082614,34.800225,תל אביב מרכז,150 161 166 38 466 50 51 61 70 82,9807 2439 2440 2485 2486 2487 2489 2490 2512 2513 2514 2544 2545 2566 2724 2738 10960 2952,
13111,37350,7,740,59,32.066146,34.777553,השלום,20 73,1051 16074,
13277,37292,1,88,0,32.061357,34.784630,תל אביב ההגנה,345,11506,
13279,37360,26,308,23,32.136725,34.797587,תא אוניברסיטה,13,2318 2317,
13603,37292,0,5906,785,32.054622,34.784803,תל אביב ההגנה,104 15 16 20 204 304 416 54,17061 9793 9794 9817 10276 2324 2947 15745 15748 11963 16074,
21595,37292,23,785,31,32.002455,34.820514,תל אביב ההגנה,274 275,5156 3388 3389 3390 3392 3393 3394 3395 3396,
13192,37360,27,640,40,32.093011,34.846526,תא אוניברסיטה,49,2482,
14086,37360,22,810,80,32.111191,34.835061,תא אוניברסיטה,22 89,9827 9786 9828,
13323,37358,14,3247,318,32.068121,34.771054,תל אביב מרכז,149 18 248 249 347 349,15107 15117 10120 2332 2334 2335 10934 7719 7720,
13783,37292,10,1170,209,32.053202,34.804424,תל אביב ההגנה,16,2324,
13298,37292,9,5376,787,32.071397,34.769612,תל אביב ההגנה,104 16 204 304 31 331 416,9791 9792 9816 2415 2323 2416 2418 2946 15747,
14146,37350,25,44,0,32.125078,34.823007,השלום,127,2699 2701,
13332,37358,2,10891,881,32.083677,34.806421,תל אביב מרכז,1 140 141 240 278 350 38 40 466 504 51 561 565 567 568 571 627 641 819 82 871 921,13118 13119 13120 13121 13122 5209 13428 5242 5252 5253 5254 5255 5258 5269 5300 5308 13579 13652 13656 13657 13658 9821 1968 2439 2440 2444 2487 2489 2490 2566 10960 11012 11013 5249 2952 2954 7200 7201 11777 11782 2714 6794 2712,
13221,37360,0,5871,563,32.102578,34.805312,תא אוניברסיטה,12 137 189 22 220 230 247 266 389 40 47 48 521 570 89,1022 9827 7699 5260 5261 13580 13769 9785 9786 9811 9828 1021 10262 2313 2450 5213 7701 7702 7703 7721 7727 16214,
13570,37292,8,736,59,32.066134,34.777192,תל אביב ההגנה,21,16075,
29325,37358,0,653,42,32.084093,34.800513,תל אביב מרכז,58,2959,
13233,37350,6,3978,271,32.060425,34.777479,השלום,1 42,13429 2457,
12950,37358,15,1774,200,32.066038,34.828519,תל אביב מרכז,61,2512 2513 2514,
14022,37350,20,1156,120,32.069215,34.838972,השלום,463 60,2509 2951,
12815,37350,12,429,59,32.059607,34.820239,השלום,278 472 473 56 599 74,16796 17054 980 981 997 14553 10498,
13433,37350,14,1201,80,32.041600,34.779161,השלום,7,2276 2277,
13256,37350,16,1201,80,32.041859,34.772516,השלום,7,2276 2277,
14152,37360,11,720,85,32.118918,34.828782,תא אוניברסיטה,89,9785 9786,
13623,37292,5,1170,209,32.050125,34.798391,תל אביב ההגנה,16,2324,
13712,37360,7,326,40,32.085699,34.788877,תא אוניברסיטה,22,9825 9826,
13955,37350,11,1071,141,32.081364,34.818721,השלום,160,9805,
15297,37292,27,48,1,31.960219,34.882437,תל אביב ההגנה,474,10978,
15532,37350,24,160,20,32.026382,34.852919,השלום,59 74,986 997,
13814,37350,11,431,46,32.070515,34.802564,השלום,54,10276 11963,
13788,37292,7,623,92,32.060315,34.804080,תל אביב ההגנה,31 331,14025 2419 2420 2422,
679,37350,23,425,19,32.215722,34.828025,השלום,601 606 616,700 701 719 720 15568,
13400,37350,18,6822,512,32.045736,34.758471,השלום,1 240 40 42,13429 13580 9822 2450 2457,
13787,37350,6,1086,37,32.061466,34.800205,השלום,23 279 91,2358 11678 16353,
13139,37358,14,1359,141,32.073312,34.768438,תל אביב מרכז,10,2299,
13625,37292,6,1170,209,32.052119,34.796133,תל אביב ההגנה,16,2324,
15364,37292,23,48,1,31.961330,34.890212,תל אביב ההגנה,474,10978,
13314,37350,10,1552,190,32.076828,34.768304,השלום,63,2517,
13473,37358,22,3433,390,32.059784,34.760459,תל אביב מרכז,10 100 18,2299 2332 2334 2335 2628,
14175,37350,20,210,0,32.164474,34.808961,השלום,91,16352,
15814,37358,24,199,10,32.090749,34.884477,תל אביב מרכז,150 251 50,2485 2486 2724 2776,
29378,37358,11,102,14,32.136707,34.798163,תל אביב מרכז,123,16748,
13946,37360,0,5884,537,32.102782,34.806970,תא אוניברסיטה,12 189 22 220 230 247 266 389 40 47 48 521 570 8 89,5212 7723 13579 13768 9788 9789 9813 9825 9826 7704 10263 16077 2312 2444 5259 7700 7724 7728 2311 16216,
15644,37358,26,32,0,32.087632,34.882153,תל אביב מרכז,150,2724,
13391,37358,29,1359,141,32.044858,34.752277,תל אביב מרכז,10,2299,
14154,37360,14,543,42,32.122658,34.829090,תא אוניברסיטה,22 220,9827 9828 10262,
12878,37360,12,889,75,32.082493,34.781427,תא אוניברסיטה,189 389 570,13768 9813 5259,
29471,37350,5,108,11,32.098198,34.793437,השלום,159 601 602,701 704 705 706 13817,
38380,37358,11,427,12,32.055818,34.779424,תל אביב מרכז,454 500,16491 8454 12590 8455 11943 11936 16323,12961
13136,37358,3,2635,366,32.090301,34.795359,תל אביב מרכז,107 123 5,16748 2259 2260 15253,
13826,37358,5,686,42,32.076479,34.806393,תל אביב מרכז,58,2960,
37504,37358,21,3922,321,32.094799,34.886506,תל אביב מרכז,1 51,13428 2489,24302
13907,37358,11,1774,200,32.077272,34.825257,תל אביב מרכז,61,2512 2513 2514,
13131,37360,9,2046,218,32.120480,34.819656,תא אוניברסיטה,220 230 247 47 48 49 521 570,7699 5260 5261 10262 2482 5213 7701 7702 7703 7721 7727,
13830,37358,22,686,42,32.064440,34.814827,תל אביב מרכז,58,2960,
23282,37358,25,25,3,32.095181,34.888606,תל אביב מרכז,211,10908,
25264,37358,29,55,0,32.096908,34.899947,תל אביב מרכז,251,2776,
16115,37358,20,178,0,32.097726,34.864442,תל אביב מרכז,38,2439,
12852,37358,5,1022,97,32.075355,34.803222,תל אביב מרכז,45 55,976 977 978 2467,
16195,37358,15,5608,451,32.092558,34.856379,תל אביב מרכז,1 150 166 211 251 466 50 51 561 571 627 641 871 921,13118 13119 13120 13121 13122 13428 5242 5269 5308 13652 2485 2486 2487 2489 2490 2724 2738 10960 11012 11013 2952 7200 7201 2776 11777 11782 10908,
13779,37292,11,1170,209,32.050985,34.805330,תל אביב ההגנה,16,2324,
37057,37350,30,78,0,32.326888,34.858740,השלום,650,718,14679
13861,37292,17,569,92,32.056262,34.822333,תל אביב ההגנה,31,2419 2420,
13271,37358,0,11802,1460,32.082723,34.796109,תל אביב מרכז,10 18 386 5 70,2259 2260 2261 2296 2299 2328 2332 2334 2335 9282 2545,
13241,37360,14,607,40,32.107031,34.833789,תא אוניברסיטה,266,16214,
13643,37350,4,1086,37,32.068598,34.799133,השלום,23 279 91,2358 11678 16353,
12987,37350,1,3369,266,32.070018,34.793813,השלום,21 239 54 59 7,9819 986 10276 16075 2276 2277 11963,
13050,37360,2,1706,104,32.110208,34.801530,תא אוניברסיטה,13 25 289 49,9824 2318 2380 2482 2317,
29322,37358,5,6833,378,32.067008,34.786972,תל אביב מרכז,101 103 104 105 107 111 375 378 460 462 464 474 480 501 502 521 524 525 531 532 561 565 567 571 600 601 605 606 615 616 641 642,121 696 698 699 711 721 5189 5198 5212 5218 5219 5224 5225 5228 5248 5266 13491 7034 13648 13650 13655 11168 11172 14032 10296 5215 10854 5237 10951 10953 5240 10978 10983 5251 7030 15252 11178 13494 11338 11340 15569 15571 11783 11784 5236,
13740,37360,7,3184,227,32.098755,34.787800,תא אוניברסיטה,12 13 189 247 289 389 48,7723 13768 9813 9824 7704 2312 2314 2315 7724 2311,
13858,37358,23,686,42,32.062627,34.818694,תל אביב מרכז,58,2960,
13490,37292,11,1637,216,32.073248,34.766610,תל אביב ההגנה,16 304,2323 15747,
23273,37358,25,33,0,32.073674,34.861664,תל אביב מרכז,350,2954,
21698,37292,26,36,0,31.944835,34.836278,תל אביב ההגנה,159,13814 13815,
13677,37358,5,1359,141,32.081604,34.782285,תל אביב מרכז,10,2299,
24283,37358,23,178,0,32.098724,34.875450,תל אביב מרכז,38,2439,
13157,37292,24,602,92,32.070267,34.825837,תל אביב ההגנה,31 331,2419 2420 2422,
15842,37350,22,160,20,32.032664,34.846893,השלום,59 74,986 997,
15350,37292,29,48,1,31.959064,34.877556,תל אביב ההגנה,474,10978,
13950,37360,0,4780,333,32.106109,34.804500,תא אוניברסיטה,113 13 25 266 289 45 49 7,12299 9823 9824 2276 2318 2380 2467 2482 2317 16216,
14136,37360,6,2126,263,32.115783,34.817064,תא אוניברסיטה,220 230 247 47 48 521 570 89,7699 5260 5261 9785 9786 10262 5213 7701 7702 7703 7721 7727,
29504,37350,23,210,0,32.163835,34.810809,השלום,91,16352,
29447,37360,12,521,42,32.121630,34.824909,תא אוניברסיטה,22,9827 9828,
13929,37358,10,607,44,32.081067,34.814843,תל אביב מרכז,45,2467,
13988,37360,5,987,117,32.108224,34.819680,תא אוניברסיטה,22 40,9827 13580 9828,
13751,37360,2,1717,117,32.100026,34.794904,תא אוניברסיטה,12 22 220 230 521 89,5212 9788 9789 9825 9826 10263 2312 7728 2311,
29328,37358,13,686,42,32.062840,34.806137,תל אביב מרכז,58,2960,
13038,37358,20,607,44,32.085001,34.840061,תל אביב מרכז,45,2467,
13161,37292,5,2606,388,32.045750,34.805708,תל אביב ההגנה,204 304 416,9817 2947 15745 15748,
14548,37292,12,580,92,32.065714,34.811662,תל אביב ההגנה,31,14025 2419,
15907,37358,24,2041,138,32.062576,34.846210,תל אביב מרכז,169 45 69 70,993 994 2467 2544 2545 1042,
12826,37350,11,1699,202,32.073194,34.808561,השלום,463 63,2519 2951,
13761,37360,3,154,9,32.105972,34.796889,תא אוניברסיטה,113,12299,
13733,37358,5,2528,352,32.094066,34.792836,תל אביב מרכז,5,2259 2260,
13341,37358,23,607,44,32.077072,34.842637,תל אביב מרכז,45,2467,
13026,37358,6,1706,87,32.087438,34.812896,תל אביב מרכז,504 561 565 567 568 571 641,5209 5242 5252 5253 5254 5255 5258 5269 13652 13656 13657 13658 5249 11782 6794,
13401,37358,27,4102,436,32.046731,34.758628,תל אביב מרכז,10 18 83,13637 3174 2299 2332 2334 2335 13450 3173,
13617,37292,1,3776,597,32.051239,34.791655,תל אביב ההגנה,16 204 304 416,9817 2324 2947 15745 15748,
24055,37292,13,48,0,32.018878,34.759282,תל אביב ההגנה,141,2713,
13203,37358,11,4748,361,32.098676,34.827128,תל אביב מרכז,141 142 40 42 524 525 531 75 76,9849 5217 5221 5226 5227 5222 13579 13649 9802 9852 2444 2454 2714,
16787,37358,29,822,69,32.071854,34.846367,תל אביב מרכז,169 45 69,993 1043 994 2467 1042,
36533,37350,12,273,20,32.056413,34.779452,השלום,350 50,2488 2955,13281
12829,37292,9,580,92,32.065600,34.802705,תל אביב ההגנה,31,14025 2419,
13797,37292,19,1170,209,32.053865,34.809810,תל אביב ההגנה,16,2324,
13362,37292,4,196,45,32.064068,34.780758,תל אביב ההגנה,141 174 378,13553 12639 13552 10295 3331 2714,
14077,37358,13,6805,480,32.092638,34.843327,תל אביב מרכז,1 150 211 38 466 504 51 565 567 568 819 82,5209 13428 5252 5253 5254 5255 5258 5300 13656 13657 13658 2439 2440 2487 2489 2490 2566 2724 10960 5249 2952 6794 10908,
14106,37360,10,462,32,32.120862,34.798745,תא אוניברסיטה,113 13,12299 2318 2317,
13808,37358,16,686,42,32.062575,34.810415,תל אביב מרכז,58,2960,
12978,37350,10,1504,81,32.051417,34.800000,השלום,239 279 59 91,9819 986 11678 16353,
12887,37358,6,1997,246,32.080034,34.784511,תל אביב מרכז,18,2332 2334 2335,
13931,37358,5,2510,321,32.082982,34.814526,תל אביב מרכז,161 61,9807 2512 2513,
14143,37360,9,720,85,32.116081,34.824143,תא אוניברסיטה,89,9785 9786,
13942,37360,1,3849,358,32.101156,34.800011,תא אוניברסיטה,12 189 22 220 247 389 47 48 570 89,7723 13768 9788 9789 9813 9825 9826 7704 10263 2312 5259 7700 7724 2311,
13451,37358,26,4102,436,32.049084,34.758955,תל אביב מרכז,10 18 83,13637 3174 2299 2332 2334 2335 13450 3173,
33862,37358,13,3267,347,32.085829,34.834862,תל אביב מרכז,161 240 45,9807 9821 2467,
13127,37350,6,240,30,32.078797,34.781148,השלום,56,979,
37279,37358,12,425,26,32.055818,34.779424,תל אביב מרכז,641 642,11783 11784,12961
13205,37350,13,1950,77,32.112531,34.797663,השלום,127 171 279 7,13479 13697 9872 2275 2699 2701 11677 2702,
13695,37360,9,464,0,32.099049,34.778888,תא אוניברסיטה,12,2312 2311,
16789,37358,27,822,69,32.072403,34.851066,תל אביב מרכז,169 45 69,993 1043 994 2467 1042,
14598,37350,22,1681,108,32.200909,34.819138,השלום,601 605 606 607 615 616 700 702 703 808 852 872,700 701 702 712 719 720 722 5286 5288 5290 5291 5297 5311 5312 13663 13664 16888 5287 15568 15570,
13315,37350,9,583,37,32.068872,34.770828,השלום,23,2358,
13897,37350,14,2849,313,32.074755,34.822264,השלום,463 60 63,2509 2519 2951,
14280,37360,23,860,110,32.160007,34.842373,תא אוניברסיטה,230 247 48 521,5213 7701 7702 7703 7721 7727,
14316,37358,12,653,42,32.098763,34.825450,תל אביב מרכז,58,2959,
15407,37350,27,235,30,32.060250,34.863447,השלום,56,980,
13334,37358,12,1869,197,32.085050,34.829799,תל אביב מרכז,161 45,9807 2467,
14325,37350,15,4997,505,32.147881,34.803434,השלום,501 600 601 602 606 607 616 650 702 703 784 808 825 826 827 832 834 836 843 845 846 848 852 853 872 900 909 91 910,5197 12825 697 700 701 702 704 705 706 718 719 720 722 13076 13077 13079 13097 13098 13111 13112 7099 13343 13344 13346 13347 5193 5194 5196 7100 5288 5290 5291 5297 5311 5312 13663 13664 13678 7079 7083 7085 7178 7185 5195 13492 7187 7188 7061 7076 7081 7086 16888 7154 7155 7162 7168 7174 7179 7192 15568 16352,
13652,37350,9,1118,127,32.082363,34.773845,השלום,239,9818,
13496,37350,11,3978,271,32.054788,34.769417,השלום,1 42,13429 2457,
16419,37358,24,1613,108,32.085701,34.881376,תל אביב מרכז,166 466 51 82,2490 2566 2738 2952,
14008,37360,12,2121,168,32.106865,34.830960,תא אוניברסיטה,12 189 22 389 8 89,13769 9785 9786 9811 9828 16076 2313,
12884,37350,15,424,59,32.057345,34.832962,השלום,278 472 473 56 599,16796 17054 980 981 14553 10498,
13262,37350,18,1118,127,32.099178,34.779027,השלום,239,9818,
