stop_id,station_id,travel_time,weekday_trips,weekend_trips,latitude,longitude,station_name,line_numbers,route_ids,parent_stop
1852,37376,20,826,94,32.778398,34.994118,חוף הכרמל,146 200 46,13254 13276 4396 7526 3807,
2733,37378,10,1803,112,32.819687,34.958800,בת גלים,31 43 5,13220 13248 11319 3726,
36391,37376,0,1701,110,32.793370,34.958985,חוף הכרמל,45 47 49,13249 3803 3808 3810,3523
3941,37388,5,262,17,32.808164,35.064843,לב המפרץ,165 171,6535 10880,
2051,37378,6,940,50,32.820728,34.992937,בת גלים,16,3636,
2039,37378,10,300,40,32.828980,34.978458,בת גלים,43 8,13221 13248,
35629,37386,0,1474,156,32.807328,35.056291,חוצות מפרץ,15 21,13393 11020,
17299,37380,1,4310,878,32.817935,35.000276,חיפה מרכז,1 2,11696 11689 11692 11695,
2764,37376,25,1528,84,32.787236,34.984534,חוף הכרמל,132 29,9455 3717,
2108,37376,29,1586,78,32.798654,34.998316,חוף הכרמל,3,11308,
2816,37376,24,1960,185,32.750932,34.974635,חוף הכרמל,205 45 47 49,13251 13361 3811 3804 3809,
20349,37388,30,72,5,32.821442,35.195520,לב המפרץ,166,6542,
35642,37386,30,644,60,32.800008,35.108877,חוצות מפרץ,21,11021,
35752,37388,15,1972,330,32.812913,35.104811,לב המפרץ,2,11696 11695,
19580,37388,24,378,19,32.850834,35.167602,לב המפרץ,168 169 170 255,6558 6575 6563 7565,
1954,37380,17,26,65,32.813079,34.981492,חיפה מרכז,205,13361,
17316,37380,5,4310,879,32.827530,34.983637,חיפה מרכז,1 2,11693 11685 11688 11694,
1970,37380,21,26,65,32.820678,34.969446,חיפה מרכז,205,13361,
36390,37376,0,525,93,32.793370,34.958985,חוף הכרמל,947,13132 7218,3523
35793,37388,10,4310,879,32.806760,35.008452,לב המפרץ,1 2,11693 11685 11688 11694,
19553,37388,28,506,35,32.806880,35.171032,לב המפרץ,165 167 171,6535 6547 6548 10880 6546,
1912,37378,26,1183,66,32.800750,34.986466,בת גלים,5,13220,
3550,37376,27,620,52,32.692898,34.945815,חוף הכרמל,221,4160 4161 4162 13274 13275,
1985,37378,17,1376,115,32.816109,34.980541,בת גלים,136,13392 11295 11297 11332 15765,
2427,37376,28,1690,134,32.805063,34.989524,חוף הכרמל,132 133,13269 13270 9455 4147 4148 4146,
3883,37380,24,260,42,32.792604,35.009040,חיפה מרכז,14 36,3627 3626 3629 3761 3764,
36288,37376,0,2068,130,32.793808,34.959025,חוף הכרמל,17 24 א87,3639 3695 4016,3524
17488,37388,13,1384,114,32.789369,35.008842,לב המפרץ,136,11294 11293 15763 15764,
2994,37376,17,843,50,32.780898,34.983429,חוף הכרמל,29,3717,
3238,37376,24,843,50,32.784805,34.979675,חוף הכרמל,29,3717,
2661,37388,20,1085,85,32.873256,35.096147,לב המפרץ,215 251 261 271 273 471,4405 4443 4444 4446 4451 13283 13365 13366 10377 4403 13282 4413 12159,
2117,37380,12,3463,324,32.798222,35.014265,חיפה מרכז,14 17 18 200 36 א19,4394 13234 11283 11323 3627 11282 11290 3652 3626 3629 3641 3642 3653 3659 3761 3764,
2476,37388,10,3366,219,32.823742,35.079421,לב המפרץ,143 167 170 171 215 251 261 262 270 271 272 273 281 296 342 361 434 471 909,4405 4439 4443 4444 4446 4448 4451 4453 4455 4475 13283 13365 13366 1605 10377 4423 4403 13282 4413 4420 4158 6547 6548 10880 7188 7565 12159 6546 16380,
2660,37388,18,1085,85,32.859993,35.094512,לב המפרץ,215 251 261 271 273 471,4405 4443 4444 4446 4451 13283 13365 13366 10377 4403 13282 4413 12159,
2140,37388,16,40,0,32.798146,35.009359,לב המפרץ,123,11657,
3979,37388,11,4339,892,32.810606,35.004826,לב המפרץ,1 2 331 332,8249 8265 11693 1568 1580 11685 11688 11694,
3529,37378,23,1106,74,32.794814,35.019901,בת גלים,40 42,3795 13246 11321 3796,
3828,37378,25,320,20,32.821624,34.974184,בת גלים,31,11319 3726,
19316,37388,21,196,12,32.823990,35.151760,לב המפרץ,170,7565,
18814,37388,27,256,16,32.856302,35.180637,לב המפרץ,168 170,6558 7565,
3483,37376,15,620,32,32.770223,34.972987,חוף הכרמל,47,3809,
2851,37378,21,320,20,32.821410,34.971468,בת גלים,31,11319 3726,
3818,37380,1,3041,390,32.823547,34.992828,חיפה מרכז,14 17 18 19 200 205 36 א14 א36,4394 13231 13232 13361 3625 3656 11323 11290 3626 3629 3639 3645 3646 3647 3658 3753 3757,
1979,37378,5,1503,86,32.827509,34.963871,בת גלים,31 5,13220 11319 3726,
38782,37376,10,88,4,32.726070,34.961142,חוף הכרמל,692,15462,
3930,37388,6,755,44,32.779278,35.037222,לב המפרץ,127 143 190 273 331 332 338 339 340,4156 1561 1563 1572 1574 1595 14671 4450 10623 14791 1601 1597 1600,
35799,37388,21,1972,330,32.812920,35.114545,לב המפרץ,2,11696 11695,
3886,37388,21,285,43,32.709900,35.136006,לב המפרץ,190 331 332 338 339 340,1561 1563 1572 1574 1595 10623 14791 1601 1597 1600,
2124,37388,18,40,0,32.795583,35.010907,לב המפרץ,123,11657,
3732,37380,5,230,139,32.812063,34.997295,חיפה מרכז,200 205,4394 13361 11323 11290,
37696,37388,0,1958,130,32.792705,35.034786,לב המפרץ,115,4132 13261 13262 4133 11287,2403
2454,37378,28,260,20,32.800096,35.021715,בת גלים,42,11321,
35851,37378,9,4436,684,32.812448,34.956620,בת גלים,1 17 24 792,6798 11685 11688 3639 3695 6799,
2443,37380,4,230,139,32.813297,34.994313,חיפה מרכז,200 205,4394 13361 11323 11290,
2439,37376,18,2365,123,32.831875,34.974530,חוף הכרמל,17 24,3699 3641 3642 3697,
35791,37388,3,6193,1118,32.798522,35.018096,לב המפרץ,1 2 3,11693 11681 11682 11685 11688 11694,
3681,37376,25,1612,135,32.802520,34.987595,חוף הכרמל,205 3,7527 13360 11308,
2721,37378,22,300,26,32.808714,34.959529,בת גלים,43,13248,
1254,37388,0,416,58,32.796934,35.045620,לב המפרץ,165 171 190 340 342,1604 1605 6535 10624 14792 10880,
3077,37376,18,2086,132,32.787010,34.997010,חוף הכרמל,11 123,4136 4135 13263 11289 11658 3611,
19578,37388,29,72,5,32.823767,35.191146,לב המפרץ,166,6542,
35646,37386,11,644,60,32.803963,35.079118,חוצות מפרץ,21,11021,
1893,37376,21,1690,134,32.791805,34.986254,חוף הכרמל,132 133,13269 13270 9455 4147 4148 4146,
2395,37388,3,755,44,32.788221,35.028359,לב המפרץ,127 143 190 273 331 332 338 339 340,4156 1561 1563 1572 1574 1595 14671 4450 10623 14791 1601 1597 1600,
37700,37388,0,1726,132,32.792705,35.034786,לב המפרץ,131 132 133,4142 13269 9455 4148 4146,2403
2040,37378,0,4703,429,32.831695,34.985153,בת גלים,14 16 17 208 24 40 42 8 א19,3795 13221 13234 13246 3699 11283 3627 13383 11117 11321 3796 3626 3629 3636 3637 3641 3642 3659 3697 3797,
18911,37388,23,282,37,32.706598,35.161858,לב המפרץ,331 332 338 339 340,1561 1563 1572 1574 1595 10623 1601 1597 1600,
35456,37388,6,6193,1116,32.806001,35.056488,לב המפרץ,1 2 3,11684 11696 11683 11689 11692 11695,
1936,37378,15,320,20,32.820214,34.959305,בת גלים,31,11319 3726,
1906,37376,6,4915,796,32.811867,34.956389,חוף הכרמל,1 17 200 205 24,7527 13276 3699 4396 13360 11689 11692 3641 3642 3697,
35750,37388,17,1972,330,32.816641,35.109350,לב המפרץ,2,11696 11695,
2033,37378,6,300,40,32.823983,34.982165,בת גלים,43 8,13221 13248,
3816,37378,6,2009,116,32.821301,34.991663,בת גלים,16 24,3699 3636 3637 3697,
38792,37376,30,88,4,32.636719,34.933470,חוף הכרמל,692,15462,
34221,37378,25,1106,74,32.790297,35.024111,בת גלים,40 42,3795 13246 11321 3796,
2835,37378,21,2049,116,32.790842,35.003396,בת גלים,16 224 24,12293 3699 3636 3637 3697,
3335,37376,9,1960,185,32.770856,34.965243,חוף הכרמל,205 45 47 49,13251 13361 3811 3804 3809,
35627,37386,16,837,93,32.836550,35.061097,חוצות מפרץ,15,13394,
1841,37376,6,3299,323,32.777974,34.963358,חוף הכרמל,202 205 221 45 47 49 691 692 921 922,4160 7203 4161 4162 13251 13016 13017 13113 13114 13115 13116 13117 13274 13361 13275 7194 7199 3811 6930 7193 15460 15462 7198 3804 3809,
19708,37388,28,227,28,32.884899,35.095174,לב המפרץ,215 251 261 273 471,4405 4451 13283 13365 13366 10377 4403 13282 4413 12159,
2605,37378,22,320,20,32.822661,34.972753,בת גלים,31,11319 3726,
2620,37376,20,2086,132,32.784122,35.003877,חוף הכרמל,11 123,4136 4135 13263 11289 11658 3611,
3728,37376,24,620,52,32.705979,34.947849,חוף הכרמל,221,4160 4161 4162 13274 13275,
3548,37376,12,966,199,32.710882,34.954258,חוף הכרמל,784 910 940 947,13108 13109 13110 13127 13128 13129 13135 13136 13137 13202 7060 7226 7214 7225 7189 7190 7222 7223 7224,
3544,37376,22,1772,164,32.805223,34.983309,חוף הכרמל,200 3 35,13276 4396 3752 11308,
3734,37388,13,1883,239,32.813354,34.995958,לב המפרץ,3,11681 11682,
1910,37378,13,1183,66,32.815206,34.960348,בת גלים,5,13220,
3845,37378,21,1106,74,32.797930,35.016941,בת גלים,40 42,3795 13246 11321 3796,
2850,37380,20,26,65,32.821344,34.971622,חיפה מרכז,205,13361,
19858,37388,28,72,5,32.825680,35.190277,לב המפרץ,166,6542,
36097,37380,3,2811,251,32.822103,34.989223,חיפה מרכז,14 17 18 19 36 א14 א36,13231 13232 3625 3656 3626 3629 3639 3645 3646 3647 3658 3753 3757,
35644,37386,28,644,60,32.802817,35.111439,חוצות מפרץ,21,11021,
19555,37388,27,506,35,32.809294,35.166975,לב המפרץ,165 167 171,6535 6547 6548 10880 6546,
2444,37378,17,2049,130,32.799433,35.002028,בת גלים,16 224 24 8,12293 13221 3699 3636 3637 3697,
2626,37378,6,4736,710,32.825992,34.959919,בת גלים,1 17 24 43 792,13248 6798 11685 11688 3639 3695 6799,
3763,37376,30,843,50,32.783549,34.989023,חוף הכרמל,29,3717,
35823,37380,6,2147,180,32.809682,34.998955,חיפה מרכז,14 18 200 36 א19,4394 13234 11290 3652 3629 3653 3659 3761 3764,
1772,37376,19,1960,185,32.758288,34.972962,חוף הכרמל,205 45 47 49,13251 13361 3811 3804 3809,
3875,37388,8,755,44,32.773439,35.044916,לב המפרץ,127 143 190 273 331 332 338 339 340,4156 1561 1563 1572 1574 1595 14671 4450 10623 14791 1601 1597 1600,
1938,37380,24,26,65,32.820535,34.963274,חיפה מרכז,205,13361,
3853,37388,2,652,62,32.802961,35.053305,לב המפרץ,165 171 361,4475 6535 10880,
3939,37376,27,1976,196,32.785034,35.017323,חוף הכרמל,123 200,4136 4135 13263 13276 4396 11289 11658,
18831,37388,30,86,3,32.892902,35.181675,לב המפרץ,169,6563,
1314,37388,11,285,43,32.765935,35.052748,לב המפרץ,190 331 332 338 339 340,1561 1563 1572 1574 1595 10623 14791 1601 1597 1600,
35853,37376,4,4915,796,32.801531,34.959880,חוף הכרמל,1 17 200 205 24,7527 13276 3699 4396 13360 11689 11692 3641 3642 3697,
2714,37378,20,300,26,32.814433,34.957051,בת גלים,43,13248,
1721,37376,27,631,82,32.643501,34.958790,חוף הכרמל,202 692 921 922,7203 13016 13017 13113 13114 13115 13116 13117 7194 7199 6930 7193 15462 7198,
35766,37388,22,2338,548,32.842203,35.088554,לב המפרץ,1,11689 11692,
35835,37388,4,1883,239,32.800038,35.013771,לב המפרץ,3,11681 11682,
1987,37378,14,1376,115,32.812874,34.988116,בת גלים,136,13392 11295 11297 11332 15765,
1909,37376,13,3134,333,32.813612,34.959153,חוף הכרמל,112 200 205 3 35,7527 13276 13389 13391 13390 4396 3752 13360 11292 11308,
17310,37380,2,4310,879,32.821608,34.990706,חיפה מרכז,1 2,11693 11685 11688 11694,
2624,37376,7,5180,364,32.798534,34.967031,חוף הכרמל,112 115 3 35 43,4132 13247 13260 13261 13262 13389 13391 13390 3752 4133 11286 11287 11292 11308,
2719,37378,30,300,26,32.802557,34.966958,בת גלים,43,13248,
2827,37376,13,700,32,32.761838,34.967558,חוף הכרמל,49,3811,
2144,37388,13,40,0,32.794395,35.018374,לב המפרץ,123,11657,
3925,37388,18,446,21,32.818368,35.112227,לב המפרץ,165 166 168 169 255,6535 6542 6558 6575 6563,
19843,37388,27,1079,75,32.906478,35.087710,לב המפרץ,251 261 271 273 471,4405 4443 4444 4446 4451 13283 4403 13282 4413 12159,
2966,37388,26,40,0,32.783979,35.003738,לב המפרץ,123,11657,
1963,37380,8,26,65,32.810553,34.988693,חיפה מרכז,205,13361,
35314,37388,26,143,7,32.788021,35.193405,לב המפרץ,434,16380,
3202,37376,21,1772,164,32.806397,34.980705,חוף הכרמל,200 3 35,13276 4396 3752 11308,
3945,37388,22,760,47,32.822391,35.148874,לב המפרץ,165 166 167 168 169 171 255,6535 6542 6547 6548 6558 6575 6563 10880 6546,
3916,37386,8,644,60,32.806625,35.074001,חוצות מפרץ,21,11021,
1946,37376,23,26,57,32.803448,34.986925,חוף הכרמל,205,7527 13360,
1974,37378,16,320,20,32.820309,34.962871,בת גלים,31,11319 3726,
1915,37376,19,186,68,32.802285,34.984364,חוף הכרמל,200,13276 4396,
39066,37376,13,88,4,32.702460,34.970121,חוף הכרמל,691,15460,
1784,37376,7,3299,323,32.773179,34.963410,חוף הכרמל,202 205 221 45 47 49 691 692 921 922,4160 7203 4161 4162 13251 13016 13017 13113 13114 13115 13116 13117 13274 13361 13275 7194 7199 3811 6930 7193 15460 15462 7198 3804 3809,
2354,37388,4,473,7,32.784783,35.031079,לב המפרץ,127 143 190 273,4156 14671 4450 14791,
19295,37388,26,256,16,32.857059,35.175927,לב המפרץ,168 170,6558 7565,
1478,37388,17,285,43,32.721387,35.111624,לב המפרץ,190 331 332 338 339 340,1561 1563 1572 1574 1595 10623 14791 1601 1597 1600,
1851,37376,5,4915,796,32.805406,34.957982,חוף הכרמל,1 17 200 205 24,7527 13276 3699 4396 13360 11689 11692 3641 3642 3697,
3349,37376,16,700,32,32.757729,34.967207,חוף הכרמל,49,3811,
17431,37388,29,466,0,32.859365,35.089974,לב המפרץ,143,4158,
3882,37376,29,1976,196,32.789399,35.018823,חוף הכרמל,123 200,4136 4135 13263 13276 4396 11289 11658,
2855,37376,24,826,94,32.770739,35.007124,חוף הכרמל,146 200 46,13254 13276 4396 7526 3807,
3948,37388,12,202,18,32.838706,35.086224,לב המפרץ,170 471,7565 12159,
2118,37388,17,40,0,32.795779,35.008473,לב המפרץ,123,11657,
2038,37376,12,2618,570,32.830385,34.975270,חוף הכרמל,1 43,13247 11689 11692,
2115,37388,16,40,0,32.797279,35.007293,לב המפרץ,123,11657,
3106,37378,17,1183,66,32.813129,34.968498,בת גלים,5,13220,
17192,37378,21,1106,74,32.796550,35.017819,בת גלים,40 42,3795 13246 11321 3796,
36416,37376,0,1490,94,32.793808,34.959025,חוף הכרמל,101,9452,3524
3699,37380,7,1396,60,32.804142,35.011120,חיפה מרכז,17 236,13718 3641 3642,
17344,37378,24,1106,74,32.791931,35.022895,בת גלים,40 42,3795 13246 11321 3796,
1917,37376,19,1772,164,32.810301,34.974772,חוף הכרמל,200 3 35,13276 4396 3752 11308,
3900,37388,10,755,44,32.770271,35.047260,לב המפרץ,127 143 190 273 331 332 338 339 340,4156 1561 1563 1572 1574 1595 14671 4450 10623 14791 1601 1597 1600,
35827,37376,0,2171,330,32.793370,34.959921,חוף הכרמל,1,11689,
3340,37376,23,620,32,32.759562,34.974575,חוף הכרמל,47,3809,
3998,37380,4,2184,230,32.809341,35.006923,חיפה מרכז,17 200 236 331 332,8236 8241 8253 8239 8242 13276 13718 1559 1560 1563 1569 1571 1574 4396 8255 8258 8256 3641 3642 8237,
3956,37388,13,285,43,32.752543,35.069760,לב המפרץ,190 331 332 338 339 340,1561 1563 1572 1574 1595 10623 14791 1601 1597 1600,
20720,37388,29,494,35,32.803887,35.173591,לב המפרץ,165 167 171,6535 6548 10880 6546,
3974,37388,28,470,1,32.758827,35.021868,לב המפרץ,127 143 273,4156 14671 4450,
19862,37388,26,72,5,32.829359,35.181135,לב המפרץ,166,6542,
3923,37388,20,521,33,32.821647,35.121401,לב המפרץ,165 166 168 169 255 342,1604 6535 6542 6558 6575 6563,
19343,37388,27,122,3,32.865604,35.173502,לב המפרץ,169 255,6575 6563,
2111,37378,28,560,36,32.802009,34.995205,בת גלים,12,13226,
1856,37376,19,826,94,32.780341,34.991910,חוף הכרמל,146 200 46,13254 13276 4396 7526 3807,
3779,37388,24,470,1,32.767015,35.012395,לב המפרץ,127 143 273,4156 14671 4450,
3234,37380,24,106,65,32.804386,34.987442,חיפה מרכז,205 236,13361 13718,
35792,37380,5,4310,878,32.807403,35.008449,חיפה מרכז,1 2,11696 11689 11692 11695,
17311,37378,3,4310,878,32.823221,34.987009,בת גלים,1 2,11696 11689 11692 11695,
3742,37376,22,843,50,32.785685,34.982691,חוף הכרמל,29,3717,
17148,37388,19,285,43,32.712071,35.125761,לב המפרץ,190 331 332 338 339 340,1561 1563 1572 1574 1595 10623 14791 1601 1597 1600,
2053,37378,8,2009,116,32.818596,34.997683,בת גלים,16 24,3699 3636 3637 3697,
2034,37378,5,300,40,32.823885,34.983780,בת גלים,43 8,13221 13248,
1873,37376,21,186,68,32.794261,34.985432,חוף הכרמל,200,13276 4396,
36371,37388,0,1774,98,32.792870,35.034346,לב המפרץ,146 27 7 72 73 א72 א73,16384 3890 13257 3577 10921 10923 7526 3884 3887,3871
3840,37380,0,884,94,32.821933,34.997181,חיפה מרכז,331 332,1575 1559 1560 1563 1564 1565 1568 1569 1571 1574 1577 1580,
2167,37380,4,1943,190,32.813101,35.000986,חיפה מרכז,14 18 36 א19,13234 11283 3627 11282 3652 3626 3629 3653 3659 3761 3764,
17319,37388,10,1883,239,32.809742,34.999318,לב המפרץ,3,11681 11682,
3838,37380,0,150,53,32.822523,34.994976,חיפה מרכז,331 332,8241 8253 8239 8242 8255 8258 8256,
3369,37376,4,5180,364,32.791559,34.964341,חוף הכרמל,112 115 3 35 43,4132 13247 13260 13261 13262 13389 13391 13390 3752 4133 11286 11287 11292 11308,
35825,37378,0,10217,912,32.830277,34.984410,בת גלים,12 136 18 2 224 237 28 31 36 37 43 א36 א37 א5,12290 12292 11693 13225 13235 13236 13242 13247 3711 11656 3770 11294 11293 15763 15764 11694 3560 3645 3646 3647 3709 3729 3753 3757 3769 3772 3773 3774 3775,
1939,37380,25,26,65,32.820062,34.959793,חיפה מרכז,205,13361,
2654,37376,9,4703,671,32.822204,34.956488,חוף הכרמל,1 17 24,3699 11689 11692 3641 3642 3697,
3690,37376,5,5259,342,32.787758,34.970601,חוף הכרמל,11 123 132 133 146 29 46,4136 4135 13254 13263 13269 13270 9455 4147 4148 11289 4146 7526 11658 3611 3717 3807,
1931,37378,10,1503,86,32.817994,34.963606,בת גלים,31 5,13220 11319 3726,
3931,37386,7,644,60,32.810123,35.070699,חוצות מפרץ,21,11021,
2426,37376,26,1612,135,32.801808,34.990444,חוף הכרמל,205 3,7527 13360 11308,
2788,37376,27,620,52,32.692309,34.945032,חוף הכרמל,221,4160 4161 4162 13274 13275,
1899,37376,20,186,68,32.797519,34.984390,חוף הכרמל,200,13276 4396,
2137,37378,15,2009,130,32.803813,34.999048,בת גלים,16 24 8,13221 3699 3636 3637 3697,
2059,37388,19,40,40,32.789616,35.002174,לב המפרץ,136,11294 15764,
1776,37376,13,640,121,32.764202,34.971667,חוף הכרמל,205 45,13251 13361 3804,
1440,37388,10,521,33,32.802641,35.080671,לב המפרץ,165 166 168 169 255 342,1604 6535 6542 6558 6575 6563,
3547,37376,17,1960,185,32.759644,34.972771,חוף הכרמל,205 45 47 49,13251 13361 3811 3804 3809,
17312,37380,3,4310,879,32.822886,34.987551,חיפה מרכז,1 2,11693 11685 11688 11694,
3792,37380,27,260,42,32.789328,35.013146,חיפה מרכז,14 36,3627 3626 3629 3761 3764,
3237,37376,25,843,50,32.785557,34.977688,חוף הכרמל,29,3717,
2018,37380,6,26,65,32.809828,34.997037,חיפה מרכז,205,13361,
1436,37388,13,521,33,32.804255,35.095325,לב המפרץ,165 166 168 169 255 342,1604 6535 6542 6558 6575 6563,
2174,37388,4,154,41,32.807490,35.062021,לב המפרץ,190 340 342,1604 1605 10624 14792,
2732,37378,29,300,26,32.806077,34.963647,בת גלים,43,13248,
3431,37388,28,2804,548,32.857870,35.092897,לב המפרץ,1 143,4158 11689 11692,
3599,37386,9,837,93,32.818344,35.055123,חוצות מפרץ,15,13394,
3815,37378,3,11337,872,32.826827,34.983728,בת גלים,12 136 14 16 17 18 208 21 24 28 36 37 40 42 43 א19 א37,3795 13392 13234 13237 13238 13244 13246 13248 13239 13226 3699 13243 3716 11283 3627 13383 11117 11282 11295 11297 11321 11332 3652 15765 3626 3629 3636 3637 3641 3642 3653 3659 3665 3697 3761 3764 3778 3779 3781,
35794,37378,0,3862,636,32.829596,34.979334,בת גלים,1 31 א5,11689 11692 3560 3729,
18004,37388,30,282,37,32.684522,35.236544,לב המפרץ,331 332 338 339 340,1561 1563 1572 1574 1595 10623 1601 1597 1600,
2983,37386,20,837,93,32.842511,35.064918,חוצות מפרץ,15,13394,
3852,37388,2,5095,347,32.799704,35.050199,לב המפרץ,123 136 143 166 167 168 169 170 171 215 251 255 261 262 271 273 361 434,4405 4443 4444 4446 4451 4475 13263 13283 13365 13366 10377 4423 4403 13282 4413 4420 4158 11289 6542 6547 6548 6558 6575 6563 10880 11295 11297 11332 11658 7565 15765 6546 16380,
37699,37388,0,1356,112,32.792705,35.034786,לב המפרץ,136,11295 11297 11332 15765,2403
5881,37388,25,506,35,32.812304,35.159308,לב המפרץ,165 167 171,6535 6547 6548 10880 6546,
2061,37388,27,40,0,32.787178,34.999911,לב המפרץ,123,11657,
3966,37376,24,1528,84,32.786368,34.982084,חוף הכרמל,132 29,9455 3717,
16946,37378,28,34,6,32.596925,34.949834,בת גלים,792,6798 6799,
1862,37376,18,1005,100,32.787024,34.985451,חוף הכרמל,133,13269 13270 4147 4148 4146,
1880,37388,24,1384,114,32.784368,34.996457,לב המפרץ,136,11294 11293 15763 15764,
1940,37378,8,1503,86,32.822060,34.959280,בת גלים,31 5,13220 11319 3726,
2655,37376,25,1690,134,32.801912,34.983798,חוף הכרמל,132 133,13269 13270 9455 4147 4148 4146,
3032,37376,22,826,94,32.775442,35.001541,חוף הכרמל,146 200 46,13254 13276 4396 7526 3807,
3113,37378,30,1183,66,32.794711,34.992873,בת גלים,5,13220,
1953,37376,21,26,57,32.811195,34.983394,חוף הכרמל,205,7527 13360,
1249,37386,6,644,60,32.810104,35.068811,חוצות מפרץ,21,11021,
35833,37388,14,4310,879,32.818589,34.999992,לב המפרץ,1 2,11693 11685 11688 11694,
2718,37376,11,2922,208,32.808752,34.959406,חוף הכרמל,112 3 35,13389 13391 13390 3752 11292 11308,
2688,37376,20,620,52,32.710730,34.963483,חוף הכרמל,221,4160 4161 4162 13274 13275,
3934,37388,9,285,43,32.768107,35.050321,לב המפרץ,190 331 332 338 339 340,1561 1563 1572 1574 1595 10623 14791 1601 1597 1600,
2695,37378,27,320,20,32.817008,34.978966,בת גלים,31,11319 3726,
2604,37378,24,320,20,32.823084,34.973739,בת גלים,31,11319 3726,
2032,37378,6,300,40,32.825205,34.980713,בת גלים,43 8,13221 13248,
2961,37378,5,1106,72,32.821155,34.984006,בת גלים,40 42,3795 13246 11321,
2359,37388,13,2900,157,32.835838,35.084426,לב המפרץ,143 167 170 171 215 251 261 262 270 271 272 273 281 296 434 909,4405 4439 4443 4444 4446 4448 4451 4453 4455 13283 13365 13366 10377 4423 4403 13282 4413 4420 4158 6547 6548 10880 7188 7565 6546 16380,
3588,37388,11,29,13,32.818270,34.997614,לב המפרץ,331 332,8249 8265 1568 1580,
3841,37380,1,160,55,32.819514,34.999061,חיפה מרכז,331 332,8236 8241 8253 8239 8242 8255 8258 8256 8237,
2623,37376,9,5180,364,32.802426,34.966920,חוף הכרמל,112 115 3 35 43,4132 13247 13260 13261 13262 13389 13391 13390 3752 4133 11286 11287 11292 11308,
16994,37376,13,280,22,32.807778,34.963535,חוף הכרמל,43,13247,
3804,37378,26,320,20,32.818921,34.976217,בת גלים,31,11319 3726,
17309,37380,1,4310,879,32.823371,34.992642,חיפה מרכז,1 2,11693 11685 11688 11694,
4173,37388,21,282,37,32.709209,35.142188,לב המפרץ,331 332 338 339 340,1561 1563 1572 1574 1595 10623 1601 1597 1600,
17321,37380,24,260,42,32.792964,35.008236,חיפה מרכז,14 36,3627 3626 3629 3761 3764,
2498,37376,30,1586,78,32.799536,35.000676,חוף הכרמל,3,11308,
19315,37388,28,256,16,32.855315,35.184617,לב המפרץ,168 170,6558 7565,
17505,37380,9,186,68,32.789491,35.028864,חיפה מרכז,200,13276 4396,
3496,37378,7,1503,86,32.824336,34.960583,בת גלים,31 5,13220 11319 3726,
1947,37376,21,26,57,32.808933,34.985473,חוף הכרמל,205,7527 13360,
35795,37388,22,1972,330,32.807441,35.117240,לב המפרץ,2,11696 11695,
35832,37380,0,4310,878,32.820794,34.997275,חיפה מרכז,1 2,11696 11689 11692 11695,
16945,37378,28,34,6,32.593044,34.947606,בת גלים,792,6798 6799,
20116,37388,30,48,4,32.800895,35.171898,לב המפרץ,167,6547 6548,
17277,37378,0,20406,1841,32.830786,34.982852,בת גלים,12 136 18 2 21 224 237 28 31 36 37 43 5 א36 א37 א5,12290 12292 12293 12294 11693 11696 13392 13220 13225 13235 13236 13237 13238 13242 13244 13247 13248 13239 13226 3711 13243 3716 11656 3770 11294 11319 11282 11293 11295 11297 11332 3652 15763 15764 15765 11694 11695 3560 3645 3646 3647 3653 3665 3709 3726 3729 3753 3757 3761 3764 3769 3772 3773 3774 3775 3778 3779 3781,
1950,37380,12,26,65,32.800498,34.994908,חיפה מרכז,205,13361,
37490,37388,0,651,36,32.792870,35.034346,לב המפרץ,430 434 505 909 993,4481 4482 16372 13289 13290 7307 7187 7188 7308 16379,3871
3521,37376,2,18653,1933,32.790385,34.961340,חוף הכרמל,1 101 11 112 115 123 132 133 146 200 202 205 221 29 3 35 43 45 46 47 49 691 692 784 910 921 922 940 947,4132 4136 4160 4135 7203 4161 4162 13251 13016 13017 7527 13109 13110 13113 13114 13115 13117 13129 13137 13202 13247 13254 13260 13261 13262 13263 13269 13270 13274 13276 13361 13389 13391 9453 9455 15047 13275 7060 13390 4147 4148 4396 3752 4133 11286 11289 7194 7226 7214 13360 3811 7225 4146 6930 7189 11287 7193 11292 7223 7224 15460 15462 7526 11658 11689 11692 3611 3717 11308 3804 3807 3809,
20721,37388,23,506,35,32.817135,35.151923,לב המפרץ,165 167 171,6535 6547 6548 10880 6546,
37207,37378,4,9931,774,32.824102,34.985203,בת גלים,12 136 14 16 17 18 208 21 24 28 36 37 א19 א37,13392 13234 13237 13238 13244 13239 13226 3699 13243 3716 11283 3627 13383 11117 11282 11295 11297 11332 3652 15765 3626 3629 3636 3637 3641 3642 3653 3659 3665 3697 3761 3764 3778 3779 3781,
37436,37388,0,5972,896,32.792571,35.034853,לב המפרץ,1 2 3,11693 11681 11685,35789
3485,37376,13,620,32,32.769429,34.975590,חוף הכרמל,47,3809,
39065,37376,14,88,4,32.702410,34.981855,חוף הכרמל,691,15460,
35790,37380,8,4310,878,32.798808,35.018203,חיפה מרכז,1 2,11696 11689 11692 11695,
3782,37378,30,26,65,32.782292,35.016019,בת גלים,208,13383 11117,
2402,37388,2,797,43,32.789389,35.030298,לב המפרץ,123 127 143 273 331 332 338 339 340,8249 4156 8265 1561 1563 1572 1574 1595 14671 4450 10623 1601 1597 1600 11657,
1952,37380,16,26,65,32.807278,34.986690,חיפה מרכז,205,13361,
2415,37376,21,1960,185,32.754216,34.969823,חוף הכרמל,205 45 47 49,13251 13361 3811 3804 3809,
2234,37386,23,644,60,32.812035,35.108855,חוצות מפרץ,21,11021,
17438,37376,11,3844,252,32.807377,34.962806,חוף הכרמל,115 3 35 43,4132 13247 13260 13261 13262 3752 4133 11286 11287 11308,
2971,37378,23,1106,74,32.794189,35.020657,בת גלים,40 42,3795 13246 11321 3796,
1719,37376,28,543,78,32.640241,34.958638,חוף הכרמל,202 921 922,7203 13016 13017 13113 13114 13115 13116 13117 7194 7199 6930 7193 7198,
1849,37376,3,3299,323,32.785647,34.962823,חוף הכרמל,202 205 221 45 47 49 691 692 921 922,4160 7203 4161 4162 13251 13016 13017 13113 13114 13115 13116 13117 13274 13361 13275 7194 7199 3811 6930 7193 15460 15462 7198 3804 3809,
4214,37388,30,282,37,32.687105,35.233979,לב המפרץ,331 332 338 339 340,1561 1563 1572 1574 1595 10623 1601 1597 1600,
2561,37380,6,26,65,32.807488,34.994399,חיפה מרכז,205,13361,
2864,37376,6,5180,364,32.794642,34.967061,חוף הכרמל,112 115 3 35 43,4132 13247 13260 13261 13262 13389 13391 13390 3752 4133 11286 11287 11292 11308,
35815,37388,10,1883,238,32.815384,35.061493,לב המפרץ,3,11684 11683,
3952,37380,5,1943,190,32.812026,34.999088,חיפה מרכז,14 18 36 א19,13234 11283 3627 11282 3652 3626 3629 3653 3659 3761 3764,
17440,37376,7,5180,364,32.797641,34.966934,חוף הכרמל,112 115 3 35 43,4132 13247 13260 13261 13262 13389 13391 13390 3752 4133 11286 11287 11292 11308,
1774,37376,16,1260,153,32.762066,34.972822,חוף הכרמל,205 45 47,13251 13361 3804 3809,
2060,37388,18,40,40,32.790379,34.999988,לב המפרץ,136,11294 15764,
2984,37386,19,837,93,32.840468,35.063538,חוצות מפרץ,15,13394,
1765,37388,21,956,59,32.822398,35.131142,לב המפרץ,165 166 167 168 169 170 171 255,6535 6542 6547 6548 6558 6575 6563 10880 7565 6546,
1884,37378,25,1049,97,32.790306,35.000170,בת גלים,136 24,3699 11332 15765 3697,
36419,37376,0,145,14,32.793370,34.958985,חוף הכרמל,202 222,13018 13019 6933 6931 6934,3523
2381,37388,27,470,1,32.762010,35.018364,לב המפרץ,127 143 273,4156 14671 4450,
3556,37376,17,700,32,32.760053,34.968538,חוף הכרמל,49,3811,
1859,37376,17,4619,316,32.784166,34.986637,חוף הכרמל,11 123 132 133 29,4136 4135 13263 13269 13270 9455 4147 4148 11289 4146 11658 3611 3717,
1934,37378,11,1503,86,32.818492,34.962010,בת גלים,31 5,13220 11319 3726,
17396,37388,13,458,1,32.762433,35.042216,לב המפרץ,127 143,4156 14671,
1877,37376,17,2086,132,32.787917,34.991565,חוף הכרמל,11 123,4136 4135 13263 11289 11658 3611,
2058,37388,20,40,40,32.787875,34.998736,לב המפרץ,136,11294 15764,
3899,37388,8,2131,134,32.815556,35.074795,לב המפרץ,143 167 170 171 215 251 261 271 273 342 471,4405 4443 4444 4446 4451 13283 13365 13366 1605 10377 4403 13282 4413 4158 6547 6548 10880 7565 12159 6546,
17140,37376,16,700,32,32.757927,34.968404,חוף הכרמל,49,3811,
3354,37376,23,1960,185,32.752782,34.972282,חוף הכרמל,205 45 47 49,13251 13361 3811 3804 3809,
2162,37378,17,560,50,32.805420,35.001426,בת גלים,12 8,13221 13226,
38777,37376,17,88,4,32.676208,34.954330,חוף הכרמל,692,15462,
1972,37380,22,26,65,32.819927,34.967962,חיפה מרכז,205,13361,
3949,37376,22,1772,164,32.804152,34.986818,חוף הכרמל,200 3 35,13276 4396 3752 11308,
2080,37388,25,40,0,32.782159,35.009598,לב המפרץ,123,11657,
1293,37388,15,285,43,32.731121,35.090414,לב המפרץ,190 331 332 338 339 340,1561 1563 1572 1574 1595 10623 14791 1601 1597 1600,
17052,37388,11,285,43,32.760292,35.057382,לב המפרץ,190 331 332 338 339 340,1561 1563 1572 1574 1595 10623 14791 1601 1597 1600,
16978,37378,11,4436,684,32.805604,34.958183,בת גלים,1 17 24 792,6798 11685 11688 3639 3695 6799,
1971,37380,23,26,65,32.821011,34.966247,חיפה מרכז,205,13361,
2760,37376,9,1339,138,32.748094,34.964408,חוף הכרמל,202 221 691 692 921 922,4160 7203 4161 4162 13016 13017 13113 13114 13115 13116 13117 13274 13275 7194 7199 6930 7193 15460 15462 7198,
2705,37376,11,3844,252,32.808938,34.961853,חוף הכרמל,115 3 35 43,4132 13247 13260 13261 13262 3752 4133 11286 11287 11308,
19312,37388,30,256,16,32.854441,35.194923,לב המפרץ,168 170,6558 7565,
2995,37376,16,843,50,32.780832,34.982044,חוף הכרמל,29,3717,
2501,37388,17,2498,158,32.849634,35.093082,לב המפרץ,143 215 251 261 262 271 273 361 471,4405 4443 4444 4446 4451 4475 13283 13365 13366 10377 4423 4403 13282 4413 4420 4158 12159,
19707,37388,30,227,28,32.888152,35.094643,לב המפרץ,215 251 261 273 471,4405 4451 13283 13365 13366 10377 4403 13282 4413 12159,
35810,37388,16,1883,238,32.830546,35.063553,לב המפרץ,3,11684 11683,
2960,37378,4,1486,98,32.824776,34.984356,בת גלים,224 237 40 42 43,12293 12294 3795 13246 13248 11321,
2469,37386,26,644,60,32.807778,35.112204,חוצות מפרץ,21,11021,
35819,37388,6,4310,879,32.800835,35.013919,לב המפרץ,1 2,11693 11685 11688 11694,
3471,37378,6,2064,130,32.829412,34.971296,בת גלים,17 24,3639 3695,
35460,37388,0,6193,1116,32.793366,35.038833,לב המפרץ,1 2 3,11684 11696 11683 11689 11692 11695,
35748,37388,18,1972,330,32.818148,35.112977,לב המפרץ,2,11696 11695,
2176,37386,10,837,93,32.821158,35.056591,חוצות מפרץ,15,13394,
36370,37376,0,1824,134,32.793808,34.959025,חוף הכרמל,123,4134 11657,3524
1984,37380,18,26,65,32.814271,34.979595,חיפה מרכז,205,13361,
19524,37388,28,1385,115,32.921659,35.076823,לב המפרץ,251 261 271 361 471,4443 4444 4446 4475 13283 4403 13282 4413 12159,
16995,37388,18,192,9,32.815903,35.107820,לב המפרץ,165,6535,
3736,37376,17,843,50,32.780058,34.985461,חוף הכרמל,29,3717,
1973,37378,17,320,20,32.821366,34.964019,בת גלים,31,11319 3726,
1968,37378,19,320,20,32.820448,34.967752,בת גלים,31,11319 3726,
2356,37388,0,5340,431,32.793212,35.038928,לב המפרץ,123 136 143 165 166 167 168 169 170 171 190 215 251 255 261 262 264 265 271 272 273 340 342 361 434 471,4156 4402 4411 4440 4447 12158 13363 9456 1606 1607 13281 4417 4418 4450 10376 11294 4474 13364 6540 6541 10623 6533 6534 6543 6544 6553 6561 6572 14791 10879 4401 11293 11657 7563 7564 15763 15764 7695 16379,
18910,37388,24,272,35,32.706934,35.172589,לב המפרץ,331 332 338 339 340,1561 1563 1572 1574 1595 10623 1600,
17313,37378,2,4310,878,32.824570,34.984424,בת גלים,1 2,11696 11689 11692 11695,
35854,37380,2,4310,878,32.815203,35.001875,חיפה מרכז,1 2,11696 11689 11692 11695,
21308,37388,27,282,37,32.700862,35.207100,לב המפרץ,331 332 338 339 340,1561 1563 1572 1574 1595 10623 1601 1597 1600,
1321,37388,5,755,44,32.781751,35.033946,לב המפרץ,127 143 190 273 331 332 338 339 340,4156 1561 1563 1572 1574 1595 14671 4450 10623 14791 1601 1597 1600,
2130,37388,18,40,0,32.793892,35.013933,לב המפרץ,123,11657,
2485,37386,24,837,93,32.849123,35.066170,חוצות מפרץ,15,13394,
2441,37376,29,1336,112,32.818972,34.988102,חוף הכרמל,112,13389 13391 13390 11292,
3158,37386,30,837,93,32.851820,35.077851,חוצות מפרץ,15,13394,
3962,37376,28,1029,118,32.785679,34.985920,חוף הכרמל,200 29,13276 4396 3717,
3342,37376,21,620,32,32.759451,34.978447,חוף הכרמל,47,3809,
2107,37380,26,260,42,32.789865,35.011975,חיפה מרכז,14 36,3627 3626 3629 3761 3764,
35763,37388,17,2338,548,32.829016,35.080217,לב המפרץ,1,11689 11692,
1775,37376,18,620,32,32.763402,34.972803,חוף הכרמל,47,3809,
18971,37388,28,282,37,32.698814,35.213583,לב המפרץ,331 332 338 339 340,1561 1563 1572 1574 1595 10623 1601 1597 1600,
3849,37388,7,295,44,32.774631,35.043272,לב המפרץ,127 190 331 332 338 339 340,1561 1563 1572 1574 1595 14671 10623 14791 1601 1597 1600,
1978,37378,6,1503,86,32.825926,34.962836,בת גלים,31 5,13220 11319 3726,
3403,37388,23,841,28,32.857211,35.094177,לב המפרץ,143 215 251 261 271 273,4405 4443 4446 4451 13283 13365 13366 10377 4403 13282 4413 4158,
1435,37388,14,521,33,32.804670,35.098670,לב המפרץ,165 166 168 169 255 342,1604 6535 6542 6558 6575 6563,
2448,37378,29,260,20,32.801591,35.020323,בת גלים,42,11321,
35765,37388,20,2338,548,32.835800,35.084496,לב המפרץ,1,11689 11692,
1724,37376,26,719,86,32.662819,34.960260,חוף הכרמל,202 691 692 921 922,7203 13016 13017 13113 13114 13115 13116 13117 7194 7199 6930 7193 15460 15462 7198,
20713,37388,26,1385,115,32.916556,35.081515,לב המפרץ,251 261 271 361 471,4443 4444 4446 4475 13283 4403 13282 4413 12159,
36401,37376,0,189,50,32.793370,34.958985,חוף הכרמל,900 910,13111 13112 7185 7192,3523
2691,37376,22,620,52,32.711281,34.948665,חוף הכרמל,221,4160 4161 4162 13274 13275,
1995,37378,6,1106,72,32.819361,34.983876,בת גלים,40 42,3795 13246 11321,
3731,37388,12,1883,239,32.812344,34.997765,לב המפרץ,3,11681 11682,
1226,37380,6,442,47,32.798877,35.018379,חיפה מרכז,331 332,1559 1560 1563 1569 1571 1574,
1247,37388,5,69,13,32.795426,35.021787,לב המפרץ,123 331 332,8249 8265 1568 1580 11657,
4176,37388,26,72,5,32.829939,35.180108,לב המפרץ,166,6542,
35784,37388,12,2338,548,32.815571,35.074953,לב המפרץ,1,11689 11692,
19831,37388,30,1377,116,32.927193,35.079625,לב המפרץ,261 271 272 273 281 296 361 471 909,4443 4444 4446 4448 4451 4453 4455 4475 13283 13282 4413 7188 12159,
35768,37388,25,2338,548,32.849560,35.093179,לב המפרץ,1,11689 11692,
3817,37380,1,230,139,32.821061,34.991241,חיפה מרכז,200 205,4394 13361 11323 11290,
35645,37386,27,644,60,32.804220,35.110198,חוצות מפרץ,21,11021,
2826,37376,15,700,32,32.760079,34.966935,חוף הכרמל,49,3811,
1886,37378,23,1049,97,32.787407,34.998037,בת גלים,136 24,3699 11332 15765 3697,
1982,37378,6,4736,710,32.828944,34.963455,בת גלים,1 17 24 43 792,13248 6798 11685 11688 3639 3695 6799,
1882,37388,17,40,40,32.789368,34.996556,לב המפרץ,136,11294 15764,
35634,37386,1,1481,153,32.807912,35.057771,חוצות מפרץ,15 21,13394 11021,
19547,37388,29,458,31,32.803372,35.174036,לב המפרץ,165 167 171,6535 10880 6546,
37697,37388,0,1730,128,32.792705,35.034786,לב המפרץ,123,4135 13263 11289 11658,2403
3698,37380,6,4310,878,32.804272,35.011634,חיפה מרכז,1 2,11696 11689 11692 11695,
2209,37386,13,837,93,32.827911,35.060759,חוצות מפרץ,15,13394,
2437,37378,12,1376,129,32.814008,34.992200,בת גלים,136 8,13392 13221 11295 11297 11332 15765,
36496,37376,0,1650,130,32.793808,34.959025,חוף הכרמל,132 133,4143 9454 13266,3524
17318,37380,8,2147,180,32.804850,35.003317,חיפה מרכז,14 18 200 36 א19,4394 13234 11290 3652 3629 3653 3659 3761 3764,
3862,37376,18,186,68,32.802905,34.986176,חוף הכרמל,200,13276 4396,
2882,37378,3,2264,306,32.831152,34.970972,בת גלים,14 16 19 208 40 8 א14 א40 א42 א99,4099 13221 13231 13232 13245 11116 3625 3656 11320 13381 3626 3629 3633 3658 3792 3793,
2430,37378,18,320,20,32.821493,34.966657,בת גלים,31,11319 3726,
2653,37376,6,1339,138,32.765262,34.962090,חוף הכרמל,202 221 691 692 921 922,4160 7203 4161 4162 13016 13017 13113 13114 13115 13116 13117 13274 13275 7194 7199 6930 7193 15460 15462 7198,
1773,37376,20,1960,185,32.756083,34.971179,חוף הכרמל,205 45 47 49,13251 13361 3811 3804 3809,
2190,37386,12,837,93,32.826676,35.060961,חוצות מפרץ,15,13394,
2341,37376,8,1339,138,32.753346,34.962472,חוף הכרמל,202 221 691 692 921 922,4160 7203 4161 4162 13016 13017 13113 13114 13115 13116 13117 13274 13275 7194 7199 6930 7193 15460 15462 7198,
35811,37388,15,1883,238,32.827876,35.062789,לב המפרץ,3,11684 11683,
36148,37376,0,406,50,32.793370,34.958985,חוף הכרמל,921,13118 13119 13121 13122 11012 11013 7200,3523
1914,37376,23,1690,134,32.797583,34.984205,חוף הכרמל,132 133,13269 13270 9455 4147 4148 4146,
3894,37380,5,2811,251,32.825496,34.983761,חיפה מרכז,14 17 18 19 36 א14 א36,13231 13232 3625 3656 3626 3629 3639 3645 3646 3647 3658 3753 3757,
2003,37376,26,1336,112,32.823483,34.979957,חוף הכרמל,112,13389 13391 13390 11292,
3611,37378,1,10189,1003,32.830821,34.985302,בת גלים,12 136 18 2 21 224 237 28 31 36 37 40 43 5 8 א37 א40,12293 12294 11696 13392 13220 13221 13237 13238 13244 13248 13239 13226 13243 3716 11319 11282 11295 11297 11332 3652 15765 11695 3653 3665 3726 3761 3764 3778 3779 3781 3792 3793,
3920,37388,15,521,33,32.805371,35.102755,לב המפרץ,165 166 168 169 255 342,1604 6535 6542 6558 6575 6563,
2570,37388,18,1384,114,32.787876,35.000213,לב המפרץ,136,11294 11293 15763 15764,
2231,37386,24,644,60,32.810129,35.111495,חוצות מפרץ,21,11021,
1996,37378,1,4175,666,32.830145,34.975488,בת גלים,1 31 43 5 792,13220 13248 11319 6798 11685 11688 3726 6799,
2558,37376,22,186,68,32.791038,34.986573,חוף הכרמל,200,13276 4396,
1928,37376,15,3340,321,32.817223,34.959417,חוף הכרמל,112 115 205 35,4132 7527 13260 13261 13262 13389 13391 13390 3752 4133 11286 13360 11287 11292,
2726,37378,30,1183,66,32.796124,34.991113,בת גלים,5,13220,
1861,37380,25,80,0,32.786758,34.989744,חיפה מרכז,236,13718,
3235,37376,26,843,50,32.785880,34.983640,חוף הכרמל,29,3717,
1865,37388,25,1384,114,32.785297,34.994081,לב המפרץ,136,11294 11293 15763 15764,
1872,37376,21,186,68,32.792719,34.986280,חוף הכרמל,200,13276 4396,
1461,37388,14,3366,217,32.841905,35.088281,לב המפרץ,143 167 170 171 215 251 261 262 270 271 272 273 281 296 342 361 434 471,4405 4439 4443 4444 4446 4448 4451 4453 4455 4475 13283 13365 13366 1605 10377 4423 4403 13282 4413 4420 4158 6547 6548 10880 7565 12159 6546 16380,
2358,37388,15,3320,219,32.845136,35.090300,לב המפרץ,143 167 170 171 215 251 261 262 271 272 273 281 296 342 361 434 471 909,4405 4443 4444 4446 4448 4451 4453 4455 4475 13283 13365 13366 1605 10377 4423 4403 13282 4413 4420 4158 6547 6548 10880 7188 7565 12159 6546 16380,
1904,37378,21,300,26,32.810760,34.958867,בת גלים,43,13248,
3096,37378,15,4402,678,32.790973,34.962292,בת גלים,1 17 24,11685 11688 3639 3695,
2486,37386,24,837,93,32.847975,35.068637,חוצות מפרץ,15,13394,
1920,37376,18,1772,164,32.810431,34.972217,חוף הכרמל,200 3 35,13276 4396 3752 11308,
3489,37376,20,230,39,32.592687,34.946426,חוף הכרמל,940,13127 13128 13129 7214,
3854,37388,6,4897,310,32.807241,35.061042,לב המפרץ,123 136 143 165 166 167 168 169 170 171 215 251 255 261 262 271 273 434,4405 4444 4446 4451 13263 13283 13365 13366 10377 4423 4403 13282 4413 4420 4158 11289 6535 6542 6547 6548 6558 6575 6563 10880 11295 11297 11332 11658 7565 15765 6546 16380,
2203,37386,15,837,93,32.833572,35.060207,חוצות מפרץ,15,13394,
3038,37376,7,2365,123,32.814223,34.956078,חוף הכרמל,17 24,3699 3641 3642 3697,
1932,37378,10,1503,86,32.817706,34.961550,בת גלים,31 5,13220 11319 3726,
1780,37376,10,1960,185,32.769261,34.966792,חוף הכרמל,205 45 47 49,13251 13361 3811 3804 3809,
3740,37376,25,843,50,32.785365,34.978032,חוף הכרמל,29,3717,
2690,37376,16,1251,134,32.714714,34.970488,חוף הכרמל,202 221 691 921 922,4160 7203 4161 4162 13016 13017 13113 13114 13115 13116 13117 13274 13275 7194 7199 6930 7193 15460 7198,
3887,37388,20,285,43,32.711737,35.130543,לב המפרץ,190 331 332 338 339 340,1561 1563 1572 1574 1595 10623 14791 1601 1597 1600,
38776,37376,25,88,4,32.648534,34.951926,חוף הכרמל,692,15462,
35623,37386,29,837,93,32.851352,35.076722,חוצות מפרץ,15,13394,
2026,37378,11,1376,115,32.812168,34.994739,בת גלים,136,13392 11295 11297 11332 15765,
2868,37378,0,4328,436,32.831654,34.984594,בת גלים,14 16 17 19 208 24 40 8 א14 א40 א42 א99,4099 13221 13231 13232 13245 11116 3625 3656 11320 13381 3626 3629 3633 3639 3658 3695 3792 3793,
2129,37388,19,40,0,32.791868,35.016542,לב המפרץ,123,11657,
16993,37376,13,280,22,32.809908,34.963318,חוף הכרמל,43,13247,
1960,37380,11,26,65,32.802337,34.993170,חיפה מרכז,205,13361,
3277,37388,11,1883,238,32.818766,35.061501,לב המפרץ,3,11684 11683,
3827,37376,17,26,57,32.821136,34.973488,חוף הכרמל,205,7527 13360,
19860,37388,27,72,5,32.825634,35.186520,לב המפרץ,166,6542,
1294,37388,14,285,43,32.746777,35.078853,לב המפרץ,190 331 332 338 339 340,1561 1563 1572 1574 1595 10623 14791 1601 1597 1600,
38801,37386,10,644,60,32.806580,35.076808,חוצות מפרץ,21,11021,
35840,37378,5,1503,86,32.829029,34.963782,בת גלים,31 5,13220 11319 3726,
2128,37388,20,40,0,32.790063,35.018387,לב המפרץ,123,11657,
2047,37380,4,230,139,32.814487,34.993318,חיפה מרכז,200 205,4394 13361 11323 11290,
2345,37388,21,288,30,32.807002,35.145680,לב המפרץ,342 434,1604 1605 16380,
3910,37388,12,521,33,32.803594,35.089934,לב המפרץ,165 166 168 169 255 342,1604 6535 6542 6558 6575 6563,
3953,37376,26,1690,134,32.803533,34.986715,חוף הכרמל,132 133,13269 13270 9455 4147 4148 4146,
19006,37388,26,282,37,32.701799,35.191550,לב המפרץ,331 332 338 339 340,1561 1563 1572 1574 1595 10623 1601 1597 1600,
3378,37376,0,442,264,32.795625,34.956962,חוף הכרמל,200 205,4394 7527 13276 13361 4396 13360 11323 11290,
16977,37376,0,723,272,32.793065,34.957647,חוף הכרמל,1 200 205 691 692 900 910 921 940 947,4394 7527 15030 13108 13116 13127 13128 13135 13136 13361 15463 15383 7199 13360 11323 7190 11290 7222 15460 15462 15461 7198,
2993,37376,18,843,50,32.778924,34.986299,חוף הכרמל,29,3717,
17506,37376,14,6319,805,32.830680,34.968449,חוף הכרמל,1 112 17 24 43,13247 13389 13391 13390 3699 11292 11689 11692 3641 3642 3697,
1246,37388,8,40,0,32.798730,35.017779,לב המפרץ,123,11657,
17443,37376,8,5180,364,32.799557,34.967180,חוף הכרמל,112 115 3 35 43,4132 13247 13260 13261 13262 13389 13391 13390 3752 4133 11286 11287 11292 11308,
2724,37376,16,280,22,32.814537,34.956832,חוף הכרמל,43,13247,
2188,37386,13,837,93,32.829106,35.058925,חוצות מפרץ,15,13394,
1941,37376,17,1616,102,32.820445,34.957969,חוף הכרמל,112 43,13247 13389 13391,
2202,37386,16,837,93,32.835533,35.061850,חוצות מפרץ,15,13394,
2717,37376,12,2922,208,32.810066,34.958980,חוף הכרמל,112 3 35,13389 13391 13390 3752 11292 11308,
3881,37376,28,1976,196,32.786546,35.019730,חוף הכרמל,123 200,4136 4135 13263 13276 4396 11289 11658,
3322,37378,30,708,42,32.799181,35.014569,בת גלים,40,13246,
4168,37388,29,1385,115,32.924241,35.077926,לב המפרץ,251 261 271 361 471,4443 4444 4446 4475 13283 4403 13282 4413 12159,
3236,37376,25,843,50,32.784886,34.979504,חוף הכרמל,29,3717,
2042,37378,0,4703,429,32.832122,34.983254,בת גלים,14 16 17 208 24 40 42 8 א19,3795 13221 13234 13246 3699 11283 3627 13383 11117 11321 3796 3626 3629 3636 3637 3641 3642 3659 3697 3797,
17563,37388,25,72,5,32.827206,35.173198,לב המפרץ,166,6542,
3382,37378,1,4328,436,32.832099,34.975979,בת גלים,14 16 17 19 208 24 40 8 א14 א40 א42 א99,4099 13221 13231 13232 13245 11116 3625 3656 11320 13381 3626 3629 3633 3639 3658 3695 3792 3793,
3896,37378,0,1524,162,32.828558,34.982997,בת גלים,31 40 8 א40 א5,13221 3560 3729 3792 3793,
36195,37388,0,409,84,32.792870,35.034346,לב המפרץ,960,13144 13145 7248,3871
19579,37388,26,72,5,32.828324,35.182711,לב המפרץ,166,6542,
3437,37376,13,1447,86,32.789027,35.008067,חוף הכרמל,101,9453,
38778,37376,30,88,4,32.691907,34.998992,חוף הכרמל,691,15460,
1951,37380,16,26,65,32.810507,34.983770,חיפה מרכז,205,13361,
2135,37378,18,560,50,32.804712,35.000376,בת גלים,12 8,13221 13226,
20841,37388,28,506,35,32.804940,35.172840,לב המפרץ,165 167 171,6535 6547 6548 10880 6546,
3981,37378,30,708,42,32.798476,35.015701,בת גלים,40,13246,
3353,37380,19,26,65,32.818490,34.976437,חיפה מרכז,205,13361,
3350,37376,18,700,32,32.760188,34.971881,חוף הכרמל,49,3811,
17317,37388,6,1883,239,32.802745,35.008924,לב המפרץ,3,11681 11682,
35826,37376,0,333,434,32.793991,34.959594,חוף הכרמל,1,11688 11692,
17275,37378,20,1106,74,32.799688,35.014047,בת גלים,40 42,3795 13246 11321 3796,
3844,37388,6,29,13,32.801873,35.012319,לב המפרץ,331 332,8249 8265 1568 1580,
2151,37380,11,3463,324,32.800280,35.011843,חיפה מרכז,14 17 18 200 36 א19,4394 13234 11283 11323 3627 11282 11290 3652 3626 3629 3641 3642 3653 3659 3761 3764,
36249,37376,0,2912,208,32.793808,34.959025,חוף הכרמל,112 3 35,13387 3751 13388 11301 11309,3524
37029,37388,18,70,8,32.840838,35.125807,לב המפרץ,171,10880,
1949,37380,13,26,65,32.801848,34.991844,חיפה מרכז,205,13361,
2560,37380,7,26,65,32.808598,34.991328,חיפה מרכז,205,13361,
2716,37378,18,300,26,32.818554,34.957422,בת גלים,43,13248,
17188,37380,27,260,16,32.790078,35.013987,חיפה מרכז,36,3761 3764,
3648,37378,25,1183,66,32.801171,34.985397,בת גלים,5,13220,
2306,37388,11,1985,109,32.829155,35.080141,לב המפרץ,143 167 170 215 251 261 271 273,4405 4443 4444 4446 4451 13283 13365 13366 10377 4403 13282 4413 4158 6547 6548 7565 6546,
2035,37378,9,300,26,32.828933,34.976893,בת גלים,43,13248,
37753,37376,0,300,26,32.793370,34.958985,חוף הכרמל,43,13248,3523
3153,37376,7,1339,138,32.761099,34.961464,חוף הכרמל,202 221 691 692 921 922,4160 7203 4161 4162 13016 13017 13113 13114 13115 13116 13117 13274 13275 7194 7199 6930 7193 15460 15462 7198,
37515,37376,11,1336,112,32.806550,34.960925,חוף הכרמל,112,13389 13391 13390 11292,
3381,37378,2,4328,436,32.831726,34.974277,בת גלים,14 16 17 19 208 24 40 8 א14 א40 א42 א99,4099 13221 13231 13232 13245 11116 3625 3656 11320 13381 3626 3629 3633 3639 3658 3695 3792 3793,
1930,37378,12,1503,86,32.818035,34.960131,בת גלים,31 5,13220 11319 3726,
35852,37378,12,4419,681,32.801883,34.959997,בת גלים,1 17 24 792,11685 11688 3639 3695 6799,
1961,37380,9,26,65,32.806414,34.991482,חיפה מרכז,205,13361,
35849,37376,13,6319,773,32.829117,34.963264,חוף הכרמל,1 112 17 24 43,13247 13389 13391 3699 11689 11692 3641 3642 3697,
2589,37386,11,837,93,32.822798,35.057863,חוצות מפרץ,15,13394,
1860,37380,26,80,0,32.785120,34.987300,חיפה מרכז,236,13718,
1911,37378,27,1183,66,32.799270,34.988179,בת גלים,5,13220,
36464,37388,0,961,55,32.792870,35.034346,לב המפרץ,261 262 264 500 503,4411 4498 13295 13296 9456 13281 4417 4418 16381,3871
19832,37388,25,227,28,32.880055,35.095985,לב המפרץ,215 251 261 273 471,4405 4451 13283 13365 13366 10377 4403 13282 4413 12159,
1955,37378,20,1696,135,32.814038,34.980407,בת גלים,136 31,13392 11319 11295 11297 11332 15765 3726,
35822,37380,7,2147,180,32.807379,35.001384,חיפה מרכז,14 18 200 36 א19,4394 13234 11290 3652 3629 3653 3659 3761 3764,
3090,37376,27,3302,269,32.802240,34.991331,חוף הכרמל,132 133 205 3,7527 13269 13270 9455 4147 4148 13360 4146 11308,
38137,37386,17,837,93,32.837904,35.058988,חוצות מפרץ,15,13394,
1433,37388,16,521,33,32.808528,35.104294,לב המפרץ,165 166 168 169 255 342,1604 6535 6542 6558 6575 6563,
36380,37376,0,1990,136,32.793808,34.959025,חוף הכרמל,115,4130 11322,3524
2832,37376,11,1340,153,32.766477,34.969528,חוף הכרמל,205 45 49,13251 13361 3811 3804,
18912,37388,22,282,37,32.707911,35.154254,לב המפרץ,331 332 338 339 340,1561 1563 1572 1574 1595 10623 1601 1597 1600,
2807,37378,23,300,26,32.806612,34.960800,בת גלים,43,13248,
2429,37376,28,3302,269,32.801462,34.993068,חוף הכרמל,132 133 205 3,7527 13269 13270 9455 4147 4148 13360 4146 11308,
2134,37378,13,2009,130,32.807175,34.995590,בת גלים,16 24 8,13221 3699 3636 3637 3697,
1866,37376,20,1528,84,32.785767,34.984041,חוף הכרמל,132 29,9455 3717,
35831,37380,0,4310,879,32.821236,34.996553,חיפה מרכז,1 2,11693 11685 11688 11694,
36098,37378,5,9931,844,32.822779,34.988214,בת גלים,12 136 14 16 17 18 208 21 24 28 36 37 40 8 א19 א37,13392 13221 13234 13237 13238 13244 13239 13226 3699 13243 3716 11283 3627 13383 11117 11282 11295 11297 11332 3652 3796 15765 3626 3629 3636 3637 3641 3642 3653 3659 3665 3697 3761 3764 3778 3779 3781 3797,
18816,37388,28,122,3,32.875783,35.177162,לב המפרץ,169 255,6575 6563,
17189,37380,28,260,16,32.792764,35.011842,חיפה מרכז,36,3761 3764,
2722,37376,18,280,22,32.818871,34.957879,חוף הכרמל,43,13247,
3341,37376,22,620,32,32.759794,34.976293,חוף הכרמל,47,3809,
18958,37388,23,288,30,32.796383,35.169747,לב המפרץ,342 434,1604 1605 16380,
1730,37376,24,719,86,32.677454,34.961834,חוף הכרמל,202 691 692 921 922,7203 13016 13017 13113 13114 13115 13116 13117 7194 7199 6930 7193 15460 15462 7198,
3201,37380,25,1356,146,32.779815,35.013969,חיפה מרכז,17 200 א19,4394 13234 11283 11323 11290 3641 3659,
35643,37386,29,644,60,32.801028,35.111018,חוצות מפרץ,21,11021,
1722,37376,26,631,82,32.648199,34.958993,חוף הכרמל,202 692 921 922,7203 13016 13017 13113 13114 13115 13116 13117 7194 7199 6930 7193 15462 7198,
2136,37378,15,2009,130,32.802606,35.000393,בת גלים,16 24 8,13221 3699 3636 3637 3697,
2143,37380,7,788,170,32.795491,35.022025,חיפה מרכז,200 331 332,8236 8241 8253 8239 8242 13276 1559 1560 1563 1569 1571 1574 4396 8255 8258 8256 8237,
19556,37388,26,506,35,32.811387,35.164192,לב המפרץ,165 167 171,6535 6547 6548 10880 6546,
2665,37378,25,320,20,32.819901,34.975053,בת גלים,31,11319 3726,
2373,37388,18,1642,113,32.865021,35.095150,לב המפרץ,215 251 261 262 271 273 471,4405 4443 4444 4446 4451 13283 13365 13366 10377 4423 4403 13282 4413 4420 12159,
3108,37388,22,40,0,32.785926,35.019063,לב המפרץ,123,11657,
37566,37380,11,4109,654,32.792277,35.034080,חיפה מרכז,1 2,11689 11695,35788
2045,37380,2,230,139,32.819185,34.990101,חיפה מרכז,200 205,4394 13361 11323 11290,
38136,37378,28,300,26,32.808698,34.962135,בת גלים,43,13248,
1900,37376,19,186,68,32.799900,34.984767,חוף הכרמל,200,13276 4396,
38553,37388,24,557,28,32.899979,35.091681,לב המפרץ,262,4423 4420,
2005,37376,24,1336,112,32.827033,34.975622,חוף הכרמל,112,13389 13391 13390 11292,
35274,37388,28,244,18,32.801514,35.176457,לב המפרץ,167,6547 6548 6546,
17279,37378,22,1106,74,32.795689,35.018841,בת גלים,40 42,3795 13246 11321 3796,
35813,37388,12,1883,238,32.823091,35.058689,לב המפרץ,3,11684 11683,
36147,37388,0,794,42,32.792870,35.034346,לב המפרץ,165 166 167 168 169 170 255,6540 6541 6533 6534 6543 6544 6553 6561 6572 7563 7564,3871
2195,37388,7,76,14,32.813396,35.072482,לב המפרץ,171 471,10880 12159,
2127,37388,21,40,0,32.787492,35.020474,לב המפרץ,123,11657,
2002,37376,27,1336,112,32.821365,34.981966,חוף הכרמל,112,13389 13391 13390 11292,
3522,37376,0,18314,1314,32.793368,34.959587,חוף הכרמל,1 101 11 112 115 123 132 133 146 17 202 221 24 29 3 35 43 45 46 47 49 784 910 921 922 940 947 990 991 א87,4132 4136 4160 4135 7203 4161 4162 13251 13016 13017 13109 13110 13113 13114 13115 13117 13129 13137 13202 13247 13254 13260 13261 13262 13263 13269 13270 13274 13389 13391 9453 9455 15047 13275 7060 13390 4147 4148 3699 7296 3752 4133 11286 11289 7194 7226 7214 3811 7225 4146 6930 7189 11287 7193 11292 7223 7224 7471 7472 7526 11658 3611 3641 3642 3697 3717 11308 3804 3807 3809 4015,
35779,37388,29,1883,238,32.840187,35.067996,לב המפרץ,3,11684 11683,
3842,37388,10,29,13,32.816009,35.000960,לב המפרץ,331 332,8249 8265 1568 1580,
3607,37376,12,620,32,32.768387,34.972226,חוף הכרמל,47,3809,
2031,37378,7,300,40,32.826797,34.978722,בת גלים,43 8,13221 13248,
3368,37378,17,4702,704,32.790081,34.959742,בת גלים,1 17 24 43,13248 11685 11688 3639 3695,
18820,37388,30,36,0,32.875244,35.195147,לב המפרץ,255,6575,
3938,37380,30,1152,72,32.780213,35.024680,חיפה מרכז,17 א19,13234 11283 3641 3659,
2755,37388,24,40,0,32.782031,35.013241,לב המפרץ,123,11657,
1271,37380,25,204,74,32.779586,35.014024,חיפה מרכז,200,4394 11323 11290,
3741,37376,23,843,50,32.785049,34.980798,חוף הכרמל,29,3717,
35454,37388,8,4310,878,32.807385,35.061922,לב המפרץ,1 2,11696 11689 11692 11695,
3019,37376,10,5180,364,32.805207,34.964762,חוף הכרמל,112 115 3 35 43,4132 13247 13260 13261 13262 13389 13391 13390 3752 4133 11286 11287 11292 11308,
2483,37386,21,837,93,32.845411,35.066931,חוצות מפרץ,15,13394,
35797,37388,21,1972,330,32.810513,35.115087,לב המפרץ,2,11696 11695,
1868,37380,24,80,0,32.787729,34.991575,חיפה מרכז,236,13718,
35818,37380,6,4310,878,32.802362,35.013693,חיפה מרכז,1 2,11696 11689 11692 11695,
1925,37378,14,1183,66,32.815548,34.962338,בת גלים,5,13220,
2769,37378,14,320,20,32.818410,34.958659,בת גלים,31,11319 3726,
35820,37388,8,4350,879,32.803326,35.010817,לב המפרץ,1 123 2,11693 11657 11685 11688 11694,
3608,37376,11,620,32,32.767485,34.969196,חוף הכרמל,47,3809,
3367,37376,2,17034,1702,32.790898,34.958675,חוף הכרמל,1 101 11 112 115 123 132 133 146 200 205 221 29 3 35 43 45 46 47 49,4132 4136 4160 4135 4161 4162 13251 7527 13247 13254 13260 13261 13262 13263 13269 13270 13274 13276 13361 13389 13391 9453 9455 15047 13275 13390 4147 4148 4396 3752 4133 11286 11289 13360 3811 4146 11287 11292 7526 11658 11689 11692 3611 3717 11308 3804 3807 3809,
1777,37376,17,620,32,32.765577,34.972812,חוף הכרמל,47,3809,
35758,37388,24,2338,548,32.845665,35.090803,לב המפרץ,1,11689 11692,
2175,37388,5,5540,400,32.806295,35.057060,לב המפרץ,123 136 143 165 166 167 168 169 170 171 190 215 251 255 261 262 271 272 273 281 296 340 342 361 434,4405 4443 4444 4446 4448 4451 4453 4455 4475 13263 13283 13365 13366 1604 1605 10377 4423 4403 13282 4413 4420 4158 11289 6535 10624 6542 6547 6548 6558 6575 14792 6563 10880 11295 11297 11332 11658 7565 15765 6546 16380,
3897,37378,0,3875,710,32.828995,34.980619,בת גלים,1 31 40 5 792 8,13220 13221 11319 3796 6798 11685 11688 3726 3797 6799,
2711,37378,28,968,62,32.796689,35.019005,בת גלים,40 42,13246 11321,
1437,37388,13,329,24,32.803919,35.092606,לב המפרץ,166 168 169 255 342,1604 6542 6558 6575 6563,
35760,37388,16,2338,548,32.823675,35.079534,לב המפרץ,1,11689 11692,
17194,37378,24,1106,74,32.792952,35.022041,בת גלים,40 42,3795 13246 11321 3796,
1922,37376,17,1772,164,32.812276,34.971036,חוף הכרמל,200 3 35,13276 4396 3752 11308,
17454,37388,8,40,0,32.815092,35.065232,לב המפרץ,123,11658,
1779,37376,16,620,32,32.768207,34.973789,חוף הכרמל,47,3809,
36298,37388,0,1152,115,32.792870,35.034346,לב המפרץ,251 271 272,4402 4440 4447 4401,3871
2109,37376,29,1586,78,32.799370,34.996526,חוף הכרמל,3,11308,
20855,37388,26,1067,72,32.903988,35.089992,לב המפרץ,251 271 273 471,4405 4443 4444 4446 4451 4403 12159,
17200,37378,25,968,62,32.790413,35.024652,בת גלים,40 42,13246 11321,
2628,37378,8,300,26,32.829263,34.974494,בת גלים,43,13248,
2170,37380,3,1943,190,32.816076,34.999444,חיפה מרכז,14 18 36 א19,13234 11283 3627 11282 3652 3626 3629 3653 3659 3761 3764,
2044,37378,0,4328,436,32.832021,34.981415,בת גלים,14 16 17 19 208 24 40 8 א14 א40 א42 א99,4099 13221 13231 13232 13245 11116 3625 3656 11320 13381 3626 3629 3633 3639 3658 3695 3792 3793,
2865,37376,5,5180,364,32.794407,34.965531,חוף הכרמל,112 115 3 35 43,4132 13247 13260 13261 13262 13389 13391 13390 3752 4133 11286 11287 11292 11308,
2837,37376,21,1960,185,32.755965,34.969871,חוף הכרמל,205 45 47 49,13251 13361 3811 3804 3809,
2004,37376,25,1336,112,32.825507,34.977935,חוף הכרמל,112,13389 13391 13390 11292,
2116,37388,12,40,0,32.796080,35.016504,לב המפרץ,123,11657,
2500,37388,8,3366,219,32.817134,35.076714,לב המפרץ,143 167 170 171 215 251 261 262 270 271 272 273 281 296 342 361 434 471 909,4405 4439 4443 4444 4446 4448 4451 4453 4455 4475 13283 13365 13366 1605 10377 4423 4403 13282 4413 4420 4158 6547 6548 10880 7188 7565 12159 6546 16380,
2028,37380,3,230,139,32.816849,34.990106,חיפה מרכז,200 205,4394 13361 11323 11290,
2720,37378,23,300,26,32.807042,34.960090,בת גלים,43,13248,
17158,37386,12,644,60,32.804297,35.082253,חוצות מפרץ,21,11021,
2588,37386,23,837,93,32.846249,35.071468,חוצות מפרץ,15,13394,
1986,37378,15,1376,115,32.814345,34.985658,בת גלים,136,13392 11295 11297 11332 15765,
3233,37376,16,5259,342,32.782407,34.987603,חוף הכרמל,11 123 132 133 146 29 46,4136 4135 13254 13263 13269 13270 9455 4147 4148 11289 4146 7526 11658 3611 3717 3807,
35780,37388,27,1883,238,32.837988,35.066866,לב המפרץ,3,11684 11683,
3908,37388,11,521,33,32.803197,35.085213,לב המפרץ,165 166 168 169 255 342,1604 6535 6542 6558 6575 6563,
2085,37380,26,204,74,32.781479,35.013646,חיפה מרכז,200,4394 11323 11290,
1883,37378,26,1049,97,32.789699,34.997466,בת גלים,136 24,3699 11332 15765 3697,
3870,37388,1,3130,253,32.792027,35.034779,לב המפרץ,123 127 136,13263 14671 11289 11294 11293 11295 11297 11332 11657 11658 15763 15764 15765,
2540,37376,23,26,57,32.804570,34.987838,חוף הכרמל,205,7527 13360,
2513,37380,23,260,42,32.795431,35.007092,חיפה מרכז,14 36,3627 3626 3629 3761 3764,
3254,37376,10,5259,342,32.778690,34.980137,חוף הכרמל,11 123 132 133 146 29 46,4136 4135 13254 13263 13269 13270 9455 4147 4148 11289 4146 7526 11658 3611 3717 3807,
3972,37378,21,2098,136,32.797700,34.962175,בת גלים,17 24 792,6798 3639 3695 6799,
2817,37388,22,1384,114,32.784136,35.000109,לב המפרץ,136,11294 11293 15763 15764,
3039,37378,13,2098,136,32.818371,34.956106,בת גלים,17 24 792,6798 3639 3695 6799,
37709,37388,0,1976,116,32.792870,35.034346,לב המפרץ,70 71 78 79,13259 3874 3927 3877 3880 3923,3871
37203,37388,29,256,16,32.855448,35.186428,לב המפרץ,168 170,6558 7565,
3555,37376,14,620,32,32.771046,34.976362,חוף הכרמל,47,3809,
38116,37378,26,1049,97,32.789510,34.996120,בת גלים,136 24,3699 11332 15765 3697,
1969,37378,20,320,20,32.820501,34.969284,בת גלים,31,11319 3726,
19545,37388,30,266,22,32.799402,35.181445,לב המפרץ,167 171,10880 6546,
37471,37376,14,1978,134,32.812854,34.960489,חוף הכרמל,115,4132 13260 13261 13262 4133 11286 11287,
3130,37386,27,837,93,32.854176,35.069027,חוצות מפרץ,15,13394,
3308,37376,24,826,94,32.772655,35.005877,חוף הכרמל,146 200 46,13254 13276 4396 7526 3807,
1732,37376,16,719,86,32.703304,34.969239,חוף הכרמל,202 691 692 921 922,7203 13016 13017 13113 13114 13115 13116 13117 7194 7199 6930 7193 15460 15462 7198,
2883,37376,22,26,57,32.807383,34.986861,חוף הכרמל,205,7527 13360,
3733,37380,4,230,139,32.812724,34.996162,חיפה מרכז,200 205,4394 13361 11323 11290,
19314,37388,30,256,16,32.855450,35.191988,לב המפרץ,168 170,6558 7565,
1267,37388,25,470,1,32.765424,35.013793,לב המפרץ,127 143 273,4156 14671 4450,
3372,37376,3,6724,428,32.790443,34.965229,חוף הכרמל,1 101 11 123 132 133 146 29 46,4136 4135 13254 13263 13269 13270 9453 9455 15047 4147 4148 11289 4146 7526 11658 3611 3717 3807,
17306,37388,9,1883,239,32.807796,35.001787,לב המפרץ,3,11681 11682,
3543,37376,11,1586,96,32.808703,34.960871,חוף הכרמל,3 35,3752 11308,
3393,37386,18,837,93,32.841093,35.058802,חוצות מפרץ,15,13394,
3327,37378,7,1106,72,32.817954,34.987618,בת גלים,40 42,3795 13246 11321,
19293,37388,25,378,19,32.858003,35.169035,לב המפרץ,168 169 170 255,6558 6575 6563 7565,
1948,37380,14,26,65,32.801728,34.990345,חיפה מרכז,205,13361,
3351,37376,17,700,32,32.760309,34.969955,חוף הכרמל,49,3811,
35783,37388,14,2338,548,32.817890,35.077712,לב המפרץ,1,11689 11692,
37791,37388,0,2324,169,32.792870,35.034346,לב המפרץ,141 142 331 332 338 339 342 40,4151 4154 13246 1561 1563 1566 1568 1572 1574 1578 1580 1595 1598 1603 1604 1605 1606 1607 1601 1597 1600,3871
2431,37380,23,26,65,32.821927,34.964872,חיפה מרכז,205,13361,
1892,37376,22,1690,134,32.794270,34.985211,חוף הכרמל,132 133,13269 13270 9455 4147 4148 4146,
2442,37376,28,1336,112,32.819972,34.984437,חוף הכרמל,112,13389 13391 13390 11292,
2409,37380,2,2811,251,32.821416,34.990833,חיפה מרכז,14 17 18 19 36 א14 א36,13231 13232 3625 3656 3626 3629 3639 3645 3646 3647 3658 3753 3757,
3525,37380,4,80,0,32.815747,35.001519,חיפה מרכז,236,13718,
3163,37380,10,26,65,32.804791,34.992626,חיפה מרכז,205,13361,
2133,37378,14,2049,130,32.805398,34.998319,בת גלים,16 224 24 8,12293 13221 3699 3636 3637 3697,
5883,37388,26,192,9,32.811927,35.160576,לב המפרץ,165,6535,
36527,37376,0,198,63,32.793370,34.958985,חוף הכרמל,940,13125 7207,3523
38115,37386,7,837,93,32.813311,35.061470,חוצות מפרץ,15,13394,
35459,37388,0,6193,1118,32.793352,35.039016,לב המפרץ,1 2 3,11693 11681 11682 11685 11688 11694,
35476,37388,13,4310,879,32.816291,35.003245,לב המפרץ,1 2,11693 11685 11688 11694,
3526,37376,13,5259,342,32.777961,34.986316,חוף הכרמל,11 123 132 133 146 29 46,4136 4135 13254 13263 13269 13270 9455 4147 4148 11289 4146 7526 11658 3611 3717 3807,
38791,37376,8,88,4,32.751450,34.957043,חוף הכרמל,691,15460,
1867,37376,20,1528,84,32.784120,34.985918,חוף הכרמל,132 29,9455 3717,
2715,37378,19,300,26,32.817351,34.956328,בת גלים,43,13248,
1988,37378,14,1376,115,32.812237,34.990299,בת גלים,136,13392 11295 11297 11332 15765,
37698,37388,0,3427,287,32.792705,35.034786,לב המפרץ,101 127 16 180 181 188 248 300 301 302 432 55 75 773,17108 9453 14134 14166 14169 14176 14180 14181 14183 14186 14671 14799 14808 14812 14135 14179 15901 3636 14564 14182,2403
3919,37388,18,75,12,32.816716,35.109254,לב המפרץ,342,1604,
3107,37376,16,1772,164,32.813884,34.967153,חוף הכרמל,200 3 35,13276 4396 3752 11308,
35824,37378,4,4310,878,32.821685,34.990765,בת גלים,1 2,11696 11689 11692 11695,
3334,37388,20,1384,114,32.786610,34.996886,לב המפרץ,136,11294 11293 15763 15764,
2523,37388,19,1551,85,32.854369,35.093850,לב המפרץ,143 215 251 261 271 273 471,4405 4443 4444 4446 4451 13283 13365 13366 10377 4403 13282 4413 4158 12159,
1864,37388,26,1384,114,32.786577,34.992297,לב המפרץ,136,11294 11293 15763 15764,
17367,37388,21,48,4,32.821766,35.149561,לב המפרץ,167,6547 6548,
1889,37388,16,40,40,32.788945,34.992977,לב המפרץ,136,11294 15764,
2428,37376,29,3302,269,32.800717,34.994740,חוף הכרמל,132 133 205 3,7527 13269 13270 9455 4147 4148 13360 4146 11308,
3922,37388,17,521,33,32.811370,35.104583,לב המפרץ,165 166 168 169 255 342,1604 6535 6542 6558 6575 6563,
2017,37380,6,26,65,32.808795,34.995819,חיפה מרכז,205,13361,
35633,37386,2,1481,153,32.808679,35.061303,חוצות מפרץ,15 21,13394 11021,
3812,37380,6,2811,251,32.827198,34.983474,חיפה מרכז,14 17 18 19 36 א14 א36,13231 13232 3625 3656 3626 3629 3639 3645 3646 3647 3658 3753 3757,
3895,37378,0,4328,436,32.832148,34.978786,בת גלים,14 16 17 19 208 24 40 8 א14 א40 א42 א99,4099 13221 13231 13232 13245 11116 3625 3656 11320 13381 3626 3629 3633 3639 3658 3695 3792 3793,
2091,37376,27,1976,196,32.783560,35.014971,חוף הכרמל,123 200,4136 4135 13263 13276 4396 11289 11658,
36430,37376,0,634,54,32.793370,34.958985,חוף הכרמל,220 221 990,4161 4162 13273 13274 13275 7297 7298,3523
2762,37376,30,1976,196,32.792283,35.015937,חוף הכרמל,123 200,4136 4135 13263 13276 4396 11289 11658,
1881,37388,23,1384,114,32.783169,34.997144,לב המפרץ,136,11294 11293 15763 15764,
3739,37376,26,843,50,32.785133,34.980763,חוף הכרמל,29,3717,
17425,37386,0,2955,309,32.808641,35.055044,חוצות מפרץ,15 21,13393 13394 11020 11021,
2339,37376,11,1339,138,32.738683,34.966220,חוף הכרמל,202 221 691 692 921 922,4160 7203 4161 4162 13016 13017 13113 13114 13115 13116 13117 13274 13275 7194 7199 6930 7193 15460 15462 7198,
3181,37388,0,5592,406,32.793427,35.038721,לב המפרץ,123 136 143 165 166 167 168 169 170 171 190 215 251 255 261 262 270 271 272 273 281 296 340 342 361 434 471,4405 4439 4443 4444 4446 4448 4451 4453 4455 4475 13263 13283 13365 13366 1604 1605 10377 4423 4403 13282 4413 4420 4158 11289 6535 10624 6542 6547 6548 6558 6575 14792 6563 10880 11295 11297 11332 11658 7565 15765 12159 6546 16380,
35809,37388,17,1883,238,32.833800,35.064828,לב המפרץ,3,11684 11683,
3918,37388,8,521,33,32.802595,35.075893,לב המפרץ,165 166 168 169 255 342,1604 6535 6542 6558 6575 6563,
1863,37376,23,186,68,32.787737,34.986077,חוף הכרמל,200,13276 4396,
2079,37376,22,2086,132,32.782348,35.008180,חוף הכרמל,11 123,4136 4135 13263 11289 11658 3611,
1923,37376,14,1772,164,32.816359,34.963507,חוף הכרמל,200 3 35,13276 4396 3752 11308,
38795,37376,21,88,4,32.663401,34.955304,חוף הכרמל,692,15462,
1962,37380,9,26,65,32.807951,34.990154,חיפה מרכז,205,13361,
2727,37378,29,1183,66,32.796191,34.988803,בת גלים,5,13220,
1989,37380,20,26,65,32.820340,34.974334,חיפה מרכז,205,13361,
2738,37378,9,1503,86,32.817744,34.959336,בת גלים,31 5,13220 11319 3726,
2054,37376,21,826,94,32.777430,34.999398,חוף הכרמל,146 200 46,13254 13276 4396 7526 3807,
1992,37378,23,320,20,32.823974,34.970680,בת גלים,31,11319 3726,
19546,37388,30,458,31,32.800972,35.177774,לב המפרץ,165 167 171,6535 10880 6546,
35850,37378,7,4436,684,32.822523,34.956864,בת גלים,1 17 24 792,6798 11685 11688 3639 3695 6799,
1937,37380,24,26,65,32.819888,34.961183,חיפה מרכז,205,13361,
35787,37388,10,4310,878,32.810358,35.069356,לב המפרץ,1 2,11696 11689 11692 11695,
17314,37380,4,4310,879,32.824474,34.984227,חיפה מרכז,1 2,11693 11685 11688 11694,
4202,37388,29,282,37,32.693520,35.225953,לב המפרץ,331 332 338 339 340,1561 1563 1572 1574 1595 10623 1601 1597 1600,
2141,37388,15,40,0,32.797086,35.012594,לב המפרץ,123,11657,
3343,37376,20,620,32,32.758683,34.976022,חוף הכרמל,47,3809,
2627,37376,12,6319,773,32.826537,34.960186,חוף הכרמל,1 112 17 24 43,13247 13389 13391 3699 11689 11692 3641 3642 3697,
2110,37378,30,560,36,32.800360,34.999115,בת גלים,12,13226,
35821,37388,8,1883,239,32.804762,35.004344,לב המפרץ,3,11681 11682,
35829,37388,4,6193,1116,32.799931,35.050528,לב המפרץ,1 2 3,11684 11696 11683 11689 11692 11695,
34218,37378,19,1106,74,32.799975,35.013671,בת גלים,40 42,3795 13246 11321 3796,
3203,37376,20,1772,164,32.807773,34.978341,חוף הכרמל,200 3 35,13276 4396 3752 11308,
2468,37386,27,644,60,32.805504,35.109614,חוצות מפרץ,21,11021,
3204,37376,20,1772,164,32.808370,34.976787,חוף הכרמל,200 3 35,13276 4396 3752 11308,
2438,37376,19,2365,123,32.832264,34.977363,חוף הכרמל,17 24,3699 3641 3642 3697,
37491,37388,0,170,26,32.792870,35.034346,לב המפרץ,331 332 338 339,8245 8249 8261 8265 8278 8281,3871
2706,37376,10,5180,364,32.806577,34.963106,חוף הכרמל,112 115 3 35 43,4132 13247 13260 13261 13262 13389 13391 13390 3752 4133 11286 11287 11292 11308,
3977,37380,11,2147,264,32.803026,35.008786,חיפה מרכז,14 18 200 36 א19,4394 13234 11283 11323 3627 11282 11290 3652 3626 3629 3653 3659 3761 3764,
2491,37376,15,1251,134,32.718374,34.968229,חוף הכרמל,202 221 691 921 922,4160 7203 4161 4162 13016 13017 13113 13114 13115 13116 13117 13274 13275 7194 7199 6930 7193 15460 7198,
2531,37380,19,26,65,32.817232,34.978218,חיפה מרכז,205,13361,
1869,37376,20,1690,134,32.788999,34.986556,חוף הכרמל,132 133,13269 13270 9455 4147 4148 4146,
2043,37378,0,4703,429,32.832115,34.980333,בת גלים,14 16 17 208 24 40 42 8 א19,3795 13221 13234 13246 3699 11283 3627 13383 11117 11321 3796 3626 3629 3636 3637 3641 3642 3659 3697 3797,
3738,37376,26,843,50,32.785537,34.981902,חוף הכרמל,29,3717,
3843,37380,4,186,68,32.805211,35.010587,חיפה מרכז,200,13276 4396,
3020,37378,29,300,26,32.805367,34.964701,בת גלים,43,13248,
3129,37386,28,837,93,32.853645,35.070650,חוצות מפרץ,15,13394,
3933,37388,7,755,44,32.777305,35.039786,לב המפרץ,127 143 190 273 331 332 338 339 340,4156 1561 1563 1572 1574 1595 14671 4450 10623 14791 1601 1597 1600,
17583,37388,25,282,37,32.704573,35.180178,לב המפרץ,331 332 338 339 340,1561 1563 1572 1574 1595 10623 1601 1597 1600,
3813,37378,5,4310,878,32.823177,34.992355,בת גלים,1 2,11696 11689 11692 11695,
2011,37378,19,560,36,32.805598,34.997952,בת גלים,12,13226,
1905,37376,13,2258,156,32.809965,34.961041,חוף הכרמל,115 43,4132 13247 13260 13261 13262 4133 11286 11287,
2723,37376,17,280,22,32.816422,34.956132,חוף הכרמל,43,13247,
36170,37376,0,1909,96,32.793808,34.959025,חוף הכרמל,1 11 146 29 46 784,15030 13224 7060 7525 3609 3717 13253 3806,3524
2818,37388,22,1384,114,32.784754,34.999314,לב המפרץ,136,11294 11293 15763 15764,
2963,37386,23,644,60,32.812293,35.107016,חוצות מפרץ,21,11021,
3839,37380,0,3637,444,32.821829,34.996369,חיפה מרכז,14 17 18 200 205 236 331 36 א19,8236 7527 13234 13276 13361 13717 13718 8243 4396 11283 13360 3627 11282 3652 3626 3629 3641 3642 3653 3659 3761 3764 8237,
2084,37376,25,2272,200,32.782206,35.013178,חוף הכרמל,11 123 200,4136 4135 13263 13276 4396 11289 11658 3611,
3810,37388,23,470,1,32.768370,35.016925,לב המפרץ,127 143 273,4156 14671 4450,
20267,37388,27,1385,115,32.917946,35.080306,לב המפרץ,251 261 271 361 471,4443 4444 4446 4475 13283 4403 13282 4413 12159,
17566,37388,17,723,56,32.838863,35.117648,לב המפרץ,167 170 171 342 434,1605 6547 6548 10880 7565 6546 16380,
1400,37388,16,285,43,32.726591,35.095242,לב המפרץ,190 331 332 338 339 340,1561 1563 1572 1574 1595 10623 14791 1601 1597 1600,
2410,37380,0,3081,390,32.820918,34.996850,חיפה מרכז,14 17 18 19 200 205 236 36 א14 א36,4394 13231 13232 13361 3625 13717 3656 11323 11290 3626 3629 3639 3645 3646 3647 3658 3753 3757,
19292,37388,23,378,19,32.838369,35.161065,לב המפרץ,168 169 170 255,6558 6575 6563 7565,
2030,37378,7,300,26,32.827736,34.975980,בת גלים,43,13248,
5882,37388,24,506,35,32.813626,35.156892,לב המפרץ,165 167 171,6535 6547 6548 10880 6546,
36132,37386,19,837,93,32.840664,35.061837,חוצות מפרץ,15,13394,
3970,37388,9,29,13,32.813492,35.003259,לב המפרץ,331 332,8249 8265 1568 1580,
1927,37376,15,1772,164,32.815638,34.966883,חוף הכרמל,200 3 35,13276 4396 3752 11308,
3626,37388,14,40,0,32.796012,35.014401,לב המפרץ,123,11657,
18957,37388,25,336,34,32.792064,35.176530,לב המפרץ,167 342 434,1604 1605 6547 6548 16380,
2211,37386,14,837,93,32.830234,35.057968,חוצות מפרץ,15,13394,
36166,37388,0,582,67,32.792870,35.034346,לב המפרץ,171 265 361,4474 10879 7695,3871
3878,37380,25,1356,146,32.779283,35.015069,חיפה מרכז,17 200 א19,4394 13234 11283 11323 11290 3641 3659,
3884,37380,28,1152,72,32.779897,35.021166,חיפה מרכז,17 א19,13234 11283 3641 3659,
3484,37376,14,620,32,32.771468,34.973900,חוף הכרמל,47,3809,
35770,37388,27,2338,548,32.855510,35.094086,לב המפרץ,1,11689 11692,
2504,37386,26,837,93,32.851935,35.066606,חוצות מפרץ,15,13394,
5558,37388,30,72,5,32.821364,35.192005,לב המפרץ,166,6542,
1778,37376,16,620,32,32.766776,34.974073,חוף הכרמל,47,3809,
2142,37388,14,40,0,32.794716,35.016720,לב המפרץ,123,11657,
3958,37380,2,2104,230,32.817235,35.002335,חיפה מרכז,17 200 331 332,8236 8241 8253 8239 8242 13276 1559 1560 1563 1569 1571 1574 4396 8255 8258 8256 3641 3642 8237,
3557,37376,24,1960,185,32.751392,34.972509,חוף הכרמל,205 45 47 49,13251 13361 3811 3804 3809,
37028,37388,20,70,8,32.839832,35.128183,לב המפרץ,171,10880,
2338,37376,13,1339,138,32.727005,34.966304,חוף הכרמל,202 221 691 692 921 922,4160 7203 4161 4162 13016 13017 13113 13114 13115 13116 13117 13274 13275 7194 7199 6930 7193 15460 15462 7198,
1885,37378,24,1049,97,32.789215,35.001499,בת גלים,136 24,3699 11332 15765 3697,
2496,37378,30,560,36,32.798866,34.999772,בת גלים,12,13226,
17315,37378,1,4310,878,32.827683,34.983797,בת גלים,1 2,11696 11689 11692 11695,
3826,37380,20,26,65,32.820925,34.973350,חיפה מרכז,205,13361,
17395,37388,16,458,1,32.765329,35.033804,לב המפרץ,127 143,4156 14671,
1715,37376,30,543,78,32.628808,34.957777,חוף הכרמל,202 921 922,7203 13016 13017 13113 13114 13115 13116 13117 7194 7199 6930 7193 7198,
36217,37376,0,2172,332,32.793808,34.959025,חוף הכרמל,1,11685,3524
2055,37376,21,826,94,32.778474,34.998076,חוף הכרמל,146 200 46,13254 13276 4396 7526 3807,
2828,37376,13,700,32,32.763734,34.968007,חוף הכרמל,49,3811,
1929,37376,15,3340,321,32.815088,34.960151,חוף הכרמל,112 115 205 35,4132 7527 13260 13261 13262 13389 13391 13390 3752 4133 11286 13360 11287 11292,
3075,37378,4,6239,796,32.830346,34.970092,בת גלים,1 17 24 31 43 5 792,13220 13248 11319 6798 11685 11688 3639 3695 3726 6799,
1907,37376,13,3202,230,32.811814,34.958411,חוף הכרמל,112 3 35 43,13247 13389 13391 13390 3752 11292 11308,
3373,37378,27,968,62,32.793937,35.022110,בת גלים,40 42,13246 11321,
1878,37378,27,1049,97,32.788785,34.993105,בת גלים,136 24,3699 11332 15765 3697,
3361,37380,24,260,42,32.793260,35.007510,חיפה מרכז,14 36,3627 3626 3629 3761 3764,
3128,37386,29,837,93,32.852610,35.073752,חוצות מפרץ,15,13394,
3877,37380,27,1356,146,32.778949,35.019648,חיפה מרכז,17 200 א19,4394 13234 11283 11323 11290 3641 3659,
1975,37378,16,320,20,32.819942,34.961482,בת גלים,31,11319 3726,
19861,37388,27,72,5,32.826707,35.184572,לב המפרץ,166,6542,
